Date,Recovered,Cumulative Recovered,Imported Case,Local Case,Active Case,New Case,Cumulative Case,ICU,Ventilator,Death,Cumulative Death,URL
27-03-20,44,259,,,,130,2161,54,34,3,26,https://kpkesihatan.com/2020/03/27/kenyataan-akhbar-kpk-27-mac-2020-situasi-semasa-jangkitan-penyakit-coronavirus-2019-covid-19-di-malaysia/
28-03-20,61,320,,,,159,2320,73,54,1,27,https://kpkesihatan.com/2020/03/28/kenyataan-akhbar-kpk-28-mac-2020-situasi-semasa-jangkitan-penyakit-coronavirus-2019-covid-19-di-malaysia/
29-03-20,68,388,,,,150,2470,73,52,7,34,https://kpkesihatan.com/2020/03/29/kenyataan-akhbar-kpk-29-mac-2020-situasi-semasa-jangkitan-penyakit-coronavirus-2019-covid-19-di-malaysia/
30-03-20,91,479,,,,156,2626,94,62,3,37,https://kpkesihatan.com/2020/03/30/kenyataan-akhbar-kpk-30-mac-2020-situasi-semasa-jangkitan-penyakit-coronavirus-2019-covid-19-di-malaysia/
31-03-20,58,537,,,,140,2766,94,60,6,43,https://kpkesihatan.com/2020/03/31/kenyataan-akhbar-kpk-31-mac-2020-situasi-semasa-jangkitan-penyakit-coronavirus-2019-covid-19-di-malaysia/
01-04-20,108,645,,,,142,2908,102,66,2,45,https://kpkesihatan.com/2020/04/01/kenyataan-akhbar-kpk-1-april-2020-situasi-semasa-jangkitan-penyakit-coronavirus-2019-covid-19-di-malaysia/
02-04-20,122,767,,,,208,3116,105,54,5,50,https://kpkesihatan.com/2020/04/02/kenyataan-akhbar-kpk-2-april-2020-situasi-semasa-jangkitan-penyakit-coronavirus-2019-covid-19-di-malaysia/
03-04-20,60,827,,,,217,3333,108,54,3,53,https://kpkesihatan.com/2020/04/03/kenyataan-akhbar-kpk-3-april-2020-situasi-semasa-jangkitan-penyakit-coronavirus-2019-covid-19-di-malaysia/
04-04-20,88,915,,,,150,3483,99,50,4,57,https://kpkesihatan.com/2020/04/04/kenyataan-akhbar-kpk-4-april-2020-situasi-semasa-jangkitan-penyakit-coronavirus-2019-covid-19-di-malaysia/
05-04-20,90,1005,,,,179,3662,99,48,4,61,https://kpkesihatan.com/2020/04/05/kenyataan-akhbar-kpk-5-april-2020-situasi-semasa-jangkitan-penyakit-coronavirus-2019-covid-19-di-malaysia/
06-04-20,236,1241,,,,131,3793,102,54,1,62,https://kpkesihatan.com/2020/04/06/kenyataan-akhbar-kpk-6-april-2020-situasi-semasa-jangkitan-penyakit-coronavirus-2019-covid-19-di-malaysia/
07-04-20,80,1321,,,,170,3963,92,50,1,63,https://kpkesihatan.com/2020/04/07/kenyataan-akhbar-kpk-7-april-2020-situasi-semasa-jangkitan-penyakit-coronavirus-2019-covid-19-di-malaysia/
08-04-20,166,1487,,,,156,4119,76,45,2,65,https://kpkesihatan.com/2020/04/08/kenyataan-akhbar-kpk-8-april-2020-situasi-semasa-jangkitan-penyakit-coronavirus-2019-covid-19-di-malaysia/
09-04-20,121,1608,,,,109,4228,72,43,2,67,https://kpkesihatan.com/2020/04/09/kenyataan-akhbar-kpk-9-april-2020-situasi-semasa-jangkitan-penyakit-coronavirus-2019-covid-19-di-malaysia/
10-04-20,222,1830,,,,118,4346,69,40,3,70,https://kpkesihatan.com/2020/04/10/kenyataan-akhbar-kpk-10-april-2020-situasi-semasa-jangkitan-penyakit-coronavirus-2019-covid-19-di-malaysia/
11-04-20,165,1995,,,,184,4530,72,38,3,73,https://kpkesihatan.com/2020/04/11/kenyataan-akhbar-kpk-11-april-2020-situasi-semasa-jangkitan-penyakit-coronavirus-2019-covid-19-di-malaysia/
12-04-20,113,2108,,,,153,4683,66,37,3,76,https://kpkesihatan.com/2020/04/12/kenyataan-akhbar-kpk-12-april-2020-situasi-semasa-jangkitan-penyakit-coronavirus-2019-covid-19-di-malaysia/
13-04-20,168,2276,,,,134,4817,66,36,1,77,https://kpkesihatan.com/2020/04/13/kenyataan-akhbar-kpk-13-april-2020-situasi-semasa-jangkitan-penyakit-coronavirus-2019-covid-19-di-malaysia/
14-04-20,202,2478,,,,170,4987,60,33,5,82,https://kpkesihatan.com/2020/04/14/kenyataan-akhbar-kpk-14-april-2020-situasi-semasa-jangkitan-penyakit-coronavirus-2019-covid-19-di-malaysia/
15-04-20,169,2647,,,,85,5072,56,32,1,83,https://kpkesihatan.com/2020/04/15/kenyataan-akhbar-kpk-15-april-2020-situasi-semasa-jangkitan-penyakit-coronavirus-2019-covid-19-di-malaysia/
16-04-20,119,2766,,,,110,5182,56,29,1,84,https://kpkesihatan.com/2020/04/16/kenyataan-akhbar-16-april-2020-situasi-semasa-jangkitan-penyakit-coronavirus-2019-covid-19-di-malaysia/
17-04-20,201,2967,,,,69,5251,51,26,2,86,https://kpkesihatan.com/2020/04/17/kenyataan-akhbar-kpk-17-april-2020-situasi-semasa-jangkitan-penyakit-coronavirus-2019-covid-19-di-malaysia/
18-04-20,135,3102,,,,54,5305,49,26,2,88,https://kpkesihatan.com/2020/04/18/kenyataan-akhbar-kpk-18-april-2020-situasi-semasa-jangkitan-penyakit-coronavirus-2019-covid-19-di-malaysia/
19-04-20,95,3197,,,,84,5389,46,26,1,89,https://kpkesihatan.com/2020/04/19/kenyataan-akhbar-kpk-19-april-2020-situasi-semasa-jangkitan-penyakit-coronavirus-2019-covid-19-di-malaysia/
20-04-20,98,3295,,,,36,5425,45,28,0,89,https://kpkesihatan.com/2020/04/20/kenyataan-akhbar-kpk-20-april-2020-situasi-semasa-jangkitan-penyakit-coronavirus-2019-covid-19-di-malaysia/
21-04-20,54,3349,,,,57,5482,43,27,3,92,https://kpkesihatan.com/2020/04/21/kenyataan-akhbar-kpk-21-april-2020-situasi-semasa-jangkitan-penyakit-coronavirus-2019-covid-19-di-malaysia/
22-04-20,103,3452,,,,50,5532,43,25,1,93,https://kpkesihatan.com/2020/04/22/kenyataan-akhbar-kpk-22-april-2020-situasi-semasa-jangkitan-penyakit-coronavirus-2019-covid-19-di-malaysia/
23-04-20,90,3542,,,,71,5603,42,21,2,95,https://kpkesihatan.com/2020/04/23/kenyataan-akhbar-kpk-23-april-2020-situasi-semasa-jangkitan-penyakit-coronavirus-2019-covid-19-di-malaysia/
24-04-20,121,3663,,,,88,5691,41,18,1,96,https://kpkesihatan.com/2020/04/24/kenyataan-akhbar-kpk-24-april-2020-situasi-semasa-jangkitan-penyakit-coronavirus-2019-covid-19-di-malaysia/
25-04-20,99,3762,,,,51,5742,36,16,2,98,https://kpkesihatan.com/2020/04/25/kenyataan-akhbar-kpk-25-april-2020-situasi-semasa-jangkitan-penyakit-coronavirus-2019-covid-19-di-malaysia/
26-04-20,100,3862,,,,38,5780,36,15,0,98,https://kpkesihatan.com/2020/04/26/kenyataan-akhbar-kpk-26-april-2020-situasi-semasa-jangkitan-penyakit-coronavirus-2019-covid-19-di-malaysia/
27-04-20,95,3957,,,,40,5820,37,17,1,99,https://kpkesihatan.com/2020/04/27/kenyataan-akhbar-kpk-27-april-2020-situasi-semasa-jangkitan-penyakit-coronavirus-2019-covid-19-di-malaysia/
28-04-20,75,4032,,,,31,5851,36,17,1,100,https://kpkesihatan.com/2020/04/28/kenyataan-akhbar-kpk-28-april-2020-situasi-semasa-jangkitan-penyakit-coronavirus-2019-covid-19-di-malaysia/
29-04-20,55,4087,,,,94,5945,40,18,0,100,https://kpkesihatan.com/2020/04/29/kenyataan-akhbar-kpk-29-april-2020-situasi-semasa-jangkitan-penyakit-coronavirus-2019-covid-19-di-malaysia/
30-04-20,84,4171,,,,57,6002,36,14,2,102,https://kpkesihatan.com/2020/04/30/kenyataan-akhbar-kpk-30-april-2020-situasi-semasa-jangkitan-penyakit-coronavirus-2019-covid-19-di-malaysia/
01-05-20,39,4210,,,,69,6071,37,14,1,103,https://kpkesihatan.com/2020/05/01/kenyataan-akhbar-kpk-1-mei-2020-situasi-semasa-jangkitan-penyakit-coronavirus-2019-covid-19-di-malaysia/
02-05-20,116,4326,,,,105,6176,31,12,0,103,https://kpkesihatan.com/2020/05/02/kenyataan-akhbar-kpk-2-mei-2020-situasi-semasa-jangkitan-penyakit-coronavirus-2019-covid-19-di-malaysia/
03-05-20,87,4413,,,,122,6298,27,13,2,105,https://kpkesihatan.com/2020/05/03/kenyataan-akhbar-kpk-3-mei-2020-situasi-semasa-jangkitan-penyakit-coronavirus-2019-covid-19-di-malaysia/
04-05-20,71,4484,,,,55,6353,28,13,0,105,https://kpkesihatan.com/2020/05/04/kenyataan-akhbar-kpk-4-mei-2020-situasi-semasa-jangkitan-penyakit-coronavirus-2019-covid-19-di-malaysia/
05-05-20,83,4567,,,,30,6383,24,8,1,106,https://kpkesihatan.com/2020/05/05/kenyataan-akhbar-kpk-5-mei-2020-situasi-semasa-jangkitan-penyakit-coronavirus-2019-covid-19-di-malaysia/
06-05-20,135,4702,,,,45,6428,22,9,1,107,https://kpkesihatan.com/2020/05/06/kenyataan-akhbar-kpk-6-mei-2020-situasi-semasa-jangkitan-penyakit-coronavirus-2019-covid-19-di-malaysia/
07-05-20,74,4776,,,,39,6467,19,8,0,107,https://kpkesihatan.com/2020/05/07/kenyataan-akhbar-kpk-7-mei-2020-situasi-semasa-jangkitan-penyakit-coronavirus-2019-covid-19-di-malaysia/
08-05-20,88,4864,,,,68,6535,18,7,0,107,https://kpkesihatan.com/2020/05/08/kenyataan-akhbar-kpk-8-mei-2020-situasi-semasa-jangkitan-penyakit-coronavirus-2019-covid-19-di-malaysia/
09-05-20,65,4929,,,,54,6589,18,6,1,108,https://kpkesihatan.com/2020/05/09/kenyataan-akhbar-kpk-9-mei-2020-situasi-semasa-jangkitan-penyakit-coronavirus-2019-covid-19-di-malaysia/
10-05-20,96,5025,,,,67,6656,18,6,0,108,https://kpkesihatan.com/2020/05/10/kenyataan-akhbar-kpk-10-mei-2020-situasi-semasa-jangkitan-penyakit-coronavirus-2019-covid-19-di-malaysia/
11-05-20,88,5113,,,,70,6726,20,7,1,109,https://kpkesihatan.com/2020/05/11/kenyataan-akhbar-kpk-11-mei-2020-situasi-semasa-jangkitan-penyakit-coronavirus-2019-covid-19-di-malaysia/
12-05-20,110,5223,,,,16,6742,16,3,0,109,https://kpkesihatan.com/2020/05/12/kenyataan-akhbar-kpk-12-mei-2020-situasi-semasa-jangkitan-penyakit-coronavirus-2019-covid-19-di-malaysia/
13-05-20,58,5281,,,,37,6779,16,4,2,111,https://kpkesihatan.com/2020/05/13/kenyataan-akhbar-kpk-13-may-2020-situasi-semasa-jangkitan-penyakit-coronavirus-2019-covid-19-di-malaysia/
14-05-20,70,5351,,,,40,6819,16,4,1,112,https://kpkesihatan.com/2020/05/14/kenyataan-akhbar-kpk-14-mei-2020-situasi-semasa-jangkitan-penyakit-coronavirus-2019-covid-19-di-malaysia/
15-05-20,88,5439,,,,36,6855,14,5,0,112,https://kpkesihatan.com/2020/05/15/kenyataan-akhbar-kpk-15-mei-2020-situasi-semasa-jangkitan-penyakit-coronavirus-2019-covid-19-di-malaysia/
16-05-20,73,5512,,,,17,6872,13,5,1,113,https://kpkesihatan.com/2020/05/16/kenyataan-akhbar-kpk-16-mei-2020-situasi-semasa-jangkitan-penyakit-coronavirus-2019-covid-19-di-malaysia/
17-05-20,59,5571,,,,22,6894,13,7,0,113,https://kpkesihatan.com/2020/05/17/kenyataan-akhbar-kpk-17-mei-2020-situasi-semasa-jangkitan-penyakit-coronavirus-2019-covid-19-di-malaysia/
18-05-20,44,5615,,,,47,6941,13,6,0,113,https://kpkesihatan.com/2020/05/18/kenyataan-akhbar-kpk-18-mei-2020-situasi-semasa-jangkitan-penyakit-coronavirus-2019-covid-19-di-malaysia/
19-05-20,31,5646,,,,37,6978,11,6,1,114,https://kpkesihatan.com/2020/05/19/kenyataan-akhbar-kpk-19-mei-2020-situasi-semasa-jangkitan-penyakit-coronavirus-2019-covid-19-di-malaysia/
20-05-20,60,5706,,,,31,7009,11,7,0,114,https://kpkesihatan.com/2020/05/20/kenyataan-akhbar-kpk-20-mei-2020-situasi-semasa-jangkitan-penyakit-coronavirus-2019-covid-19-di-malaysia/
21-05-20,90,5796,,,,50,7059,10,7,0,114,https://kpkesihatan.com/2020/05/21/kenyataan-akhbar-kpk-21-mei-2020-situasi-semasa-jangkitan-penyakit-coronavirus-2019-covid-19-di-malaysia/
22-05-20,63,5859,,,,78,7137,9,5,1,115,https://kpkesihatan.com/2020/05/22/kenyataan-akhbar-kpk-22-mei-2020-situasi-semasa-jangkitan-penyakit-coronavirus-2019-covid-19-di-malaysia/
23-05-20,53,5912,,,,48,7185,9,5,0,115,https://kpkesihatan.com/2020/05/23/kenyataan-akhbar-kpk-23-mei-2020-situasi-semasa-jangkitan-penyakit-coronavirus-2019-covid-19-di-malaysia/
24-05-20,33,5945,,,,60,7245,9,4,0,115,https://kpkesihatan.com/2020/05/24/kenyataan-akhbar-kpk-24-mei-2020-situasi-semasa-jangkitan-penyakit-coronavirus-2019-covid-19-di-malaysia/
25-05-20,34,5979,,,,172,7417,8,4,0,115,https://kpkesihatan.com/2020/05/25/kenyataan-akhbar-kpk-25-mei-2020-situasi-semasa-jangkitan-penyakit-coronavirus-2019-covid-19-di-malaysia/
26-05-20,62,6041,,,,187,7604,8,5,0,115,https://kpkesihatan.com/2020/05/26/kenyataan-akhbar-kpk-26-mei-2020-situasi-semasa-jangkitan-penyakit-coronavirus-2019-covid-19-di-malaysia/
27-05-20,42,6083,,,,15,7619,8,4,0,115,https://kpkesihatan.com/2020/05/27/kenyataan-akhbar-kpk-27-mei-2020-situasi-semasa-jangkitan-penyakit-coronavirus-2019-covid-19-di-malaysia/
28-05-20,86,6169,,,,10,7629,8,4,0,115,https://kpkesihatan.com/2020/05/28/situasi-semasa-jangkitan-penyakit-coronavirus-2019-covid-19-di-malaysia/
29-05-20,66,6235,,,,103,7732,8,2,0,115,https://kpkesihatan.com/2020/05/29/kenyataan-akhbar-kpk-29-mei-2020-situasi-semasa-jangkitan-penyakit-coronavirus-2019-covid-19-di-malaysia/
30-05-20,95,6330,,,,30,7762,9,2,0,115,https://kpkesihatan.com/2020/05/30/kenyataan-akhbar-kpk-30-mei-2020-situasi-semasa-jangkitan-penyakit-coronavirus-2019-covid-19-di-malaysia/
31-05-20,23,6353,,,,57,7819,9,2,0,115,https://kpkesihatan.com/2020/05/31/kenyataan-akhbar-kpk-31-mei-2020-situasi-semasa-jangkitan-penyakit-coronavirus-2019-covid-19-di-malaysia/
01-06-20,51,6404,,,,38,7857,8,2,0,115,https://kpkesihatan.com/2020/06/01/kenyataan-akhbar-kpk-1-jun-2020-situasi-semasa-jangkitan-penyakit-coronavirus-2019-covid-19-di-malaysia/
02-06-20,66,6470,,,,20,7877,6,2,0,115,https://kpkesihatan.com/2020/06/02/kenyataan-akhbar-kpk-2-jun-2020-situasi-semasa-jangkitan-penyakit-coronavirus-2019-covid-19-di-malaysia/
03-06-20,61,6531,,,,93,7970,6,2,0,115,https://kpkesihatan.com/2020/06/03/kenyataan-akhbar-kpk-3-jun-2020-situasi-semasa-jangkitan-penyakit-coronavirus-2019-covid-19-di-malaysia/
04-06-20,28,6559,,,,277,8247,6,2,0,115,https://kpkesihatan.com/2020/06/04/kenyataan-akhbar-kpk-4-jun-2020-situasi-semasa-jangkitan-penyakit-coronavirus-2019-covid-19-di-malaysia/
05-06-20,51,6610,,,,19,8266,6,1,1,116,https://kpkesihatan.com/2020/06/05/kenyataan-akhbar-kpk-5-jun-2020-situasi-semasa-jangkitan-penyakit-coronavirus-2019-covid-19-di-malaysia/
06-06-20,25,6635,,,,37,8303,5,5,1,117,https://kpkesihatan.com/2020/06/06/kenyataan-akhbar-kpk-6-jun-2020-situasi-semasa-jangkitan-penyakit-coronavirus-2019-covid-19-di-malaysia/
07-06-20,39,6674,,,,19,8322,5,5,0,117,https://kpkesihatan.com/2020/06/07/kenyataan-akhbar-kpk-7-jun-2020-situasi-semasa-jangkitan-penyakit-coronavirus-2019-covid-19-di-malaysia/
08-06-20,20,6694,,,,7,8329,6,1,0,117,https://kpkesihatan.com/2020/06/08/kenyataan-akhbar-kpk-8-jun-2020-situasi-semasa-jangkitan-penyakit-coronavirus-2019-covid-19-di-malaysia/
09-06-20,281,6975,,,,7,8336,6,1,0,117,https://kpkesihatan.com/2020/06/09/kenyataan-akhbar-kpk-9-jun-2020-situasi-semasa-jangkitan-penyakit-coronavirus-2019-covid-19-di-malaysia/
10-06-20,39,7014,,,,2,8338,5,5,1,118,https://kpkesihatan.com/2020/06/10/kenyataan-akhbar-kpk-10-jun-2020-situasi-semasa-jangkitan-penyakit-coronavirus-2019-covid-19-di-malaysia/
11-06-20,51,7065,,,,31,8369,5,5,0,118,https://kpkesihatan.com/2020/06/11/kenyataan-akhbar-kpk-11-jun-2020-situasi-semasa-jangkitan-penyakit-coronavirus-2019-covid-19-di-malaysia/
12-06-20,103,7168,,,,33,8402,4,4,1,119,https://kpkesihatan.com/2020/06/12/kenyataan-akhbar-kpk-12-jun-2020-situasi-semasa-jangkitan-penyakit-coronavirus-2019-covid-19-di-malaysia/
13-06-20,143,7311,,,,43,8445,4,4,1,120,https://kpkesihatan.com/2020/06/13/kenyataan-akhbar-kpk-13-jun-2020-situasi-semasa-jangkitan-penyakit-coronavirus-2019-covid-19-di-malaysia/
14-06-20,35,7346,,,,8,8453,4,4,1,121,https://kpkesihatan.com/2020/06/14/kenyataan-akhbar-kpk-14-jun-2020-situasi-semasa-jangkitan-penyakit-coronavirus-2019-covid-19-di-malaysia/
15-06-20,54,7400,,,,41,8494,4,4,0,121,https://kpkesihatan.com/2020/06/15/kenyataan-akhbar-kpk-15-jun-2020-situasi-semasa-jangkitan-penyakit-coronavirus-2019-covid-19-di-malaysia/
16-06-20,333,7733,,,,11,8505,4,4,0,121,https://kpkesihatan.com/2020/06/16/kenyataan-akhbar-kpk-16-jun-2020-situasi-semasa-jangkitan-penyakit-coronavirus-2019-covid-19-di-malaysia/
17-06-20,140,7873,,,,10,8515,4,4,0,121,https://kpkesihatan.com/2020/06/17/kenyataan-akhbar-kpk-17-jun-2020-situasi-semasa-jangkitan-penyakit-coronavirus-2019-covid-19-di-malaysia/
18-06-20,127,8000,,,,14,8529,4,4,0,121,https://kpkesihatan.com/2020/06/18/kenyataan-akhbar-kpk-situasi-semasa-jangkitan-penyakit-coronavirus-2019-covid-19-di-malaysia/
19-06-20,70,8070,,,,6,8535,3,3,0,121,https://kpkesihatan.com/2020/06/19/kenyataan-akhbar-kpk-19-jun-2020-situasi-semasa-jangkitan-penyakit-coronavirus-2019-covid-19-di-malaysia/
20-06-20,76,8146,,,,21,8556,3,3,0,121,https://kpkesihatan.com/2020/06/20/kenyataan-akhbar-kpk-20-jun-2020-situasi-semasa-jangkitan-penyakit-coronavirus-2019-covid-19-di-malaysia/
21-06-20,10,8156,,,,16,8572,3,3,0,121,https://kpkesihatan.com/2020/06/21/kenyataan-akhbar-kpk-21-jun-2020-situasi-semasa-jangkitan-penyakit-coronavirus-2019-covid-19-di-malaysia/
22-06-20,21,8177,,,,15,8587,2,2,0,121,https://kpkesihatan.com/2020/06/22/kenyataan-akhbar-kpk-22-jun-2020-situasi-semasa-jangkitan-penyakit-coronavirus-2019-covid-19-di-malaysia/
23-06-20,9,8186,,,,3,8590,3,3,0,121,https://kpkesihatan.com/2020/06/23/kenyataan-akhbar-kpk-23-jun-2020-situasi-semasa-jangkitan-penyakit-coronavirus-2019-covid-19-di-malaysia/
24-06-20,45,8231,,,,6,8596,2,2,0,121,https://kpkesihatan.com/2020/06/24/kenyataan-akhbar-kpk-24-jun-2020-situasi-semasa-jangkitan-penyakit-coronavirus-2019-covid-19-di-malaysia/
25-06-20,40,8271,,,,4,8600,2,2,0,121,https://kpkesihatan.com/2020/06/25/kenyataan-akhbar-kpk-25-jun-2020-situasi-semasa-jangkitan-penyakit-coronavirus-2019-covid-19-di-malaysia/
26-06-20,23,8294,,,,6,8606,2,2,0,121,https://kpkesihatan.com/2020/06/26/kenyataan-akhbar-kpk-26-jun-2020-situasi-semasa-jangkitan-penyakit-coronavirus-2019-covid-19-di-malaysia/
27-06-20,14,8308,,,,10,8616,2,2,0,121,https://kpkesihatan.com/2020/06/27/kenyataan-akhbar-kpk-27-jun-2020-situasi-semasa-jangkitan-penyakit-coronavirus-2019-covid-19-di-malaysia/
28-06-20,10,8318,,,,18,8634,2,2,0,121,https://kpkesihatan.com/2020/06/28/kenyataan-akhbar-kpk-28-jun-2020-situasi-semasa-jangkitan-penyakit-coronavirus-2019-covid-19-di-malaysia/
29-06-20,16,8334,,,,3,8637,4,1,0,121,https://kpkesihatan.com/2020/06/29/kenyataan-akhbar-kpk-29-jun-2020-situasi-semasa-jangkitan-penyakit-coronavirus-2019-covid-19-di-malaysia/
30-06-20,20,8354,,,,2,8639,4,1,0,121,https://kpkesihatan.com/2020/06/30/kenyataan-akhbar-kpk-30-jun-2020-situasi-semasa-jangkitan-penyakit-coronavirus-2019-covid-19-di-malaysia/
01-07-20,21,8375,,,,1,8640,4,2,0,121,https://kpkesihatan.com/2020/07/01/kenyataan-akhbar-kpk-1-julai-2020-situasi-semasa-jangkitan-penyakit-coronavirus-2019-covid-19-di-malaysia/
02-07-20,62,8437,,,,3,8643,2,0,0,121,https://kpkesihatan.com/2020/07/02/kenyataan-akhbar-kpk-2-julai-2020-situasi-semasa-jangkitan-penyakit-coronavirus-2019-covid-19-di-malaysia/
03-07-20,9,8446,,,,5,8648,2,0,0,121,https://kpkesihatan.com/2020/07/03/kenyataan-akhbar-kpk-3-julai-2020-situasi-semasa-jangkitan-penyakit-coronavirus-2019-covid-19-di-malaysia/
04-07-20,15,8461,,,,10,8658,2,0,0,121,https://kpkesihatan.com/2020/07/04/kenyataan-akhbar-kpk-4-julai-2020-situasi-semasa-jangkitan-penyakit-coronavirus-2019-covid-19-di-malaysia/
05-07-20,4,8465,,,,5,8663,2,0,0,121,https://kpkesihatan.com/2020/07/05/kenyataan-akhbar-kpk-5-julai-2020-situasi-semasa-jangkitan-penyakit-coronavirus-2019-covid-19-di-malaysia/
06-07-20,11,8476,,,,5,8668,2,0,0,121,https://kpkesihatan.com/2020/07/06/kenyataan-akhbar-kpk-6-julai-2020-situasi-semasa-jangkitan-penyakit-coronavirus-2019-covid-19-di-malaysia/
07-07-20,5,8481,,,,6,8674,2,0,0,121,https://kpkesihatan.com/2020/07/07/kenyataan-akhbar-kpk-7-julai-2020-situasi-semasa-jangkitan-penyakit-coronavirus-2019-covid-19-di-malaysia/
08-07-20,5,8486,,,,3,8677,2,1,0,121,https://kpkesihatan.com/2020/07/08/kenyataan-akhbar-kpk-8-julai-2020-situasi-semasa-jangkitan-penyakit-coronavirus-2019-covid-19-di-malaysia/
09-07-20,13,8499,,,,6,8683,2,1,0,121,https://kpkesihatan.com/2020/07/09/kenyataan-akhbar-kpk-9-julai-2020-situasi-semasa-jangkitan-penyakit-coronavirus-2019-covid-19-di-malaysia/
10-07-20,12,8511,,,,13,8696,2,2,0,121,https://kpkesihatan.com/2020/07/10/kenyataan-akhbar-kpk-10-julai-2020-situasi-semasa-jangkitan-penyakit-coronavirus-2019-covid-19-di-malaysia/
11-07-20,4,8515,,,,8,8704,3,2,1,122,https://kpkesihatan.com/2020/07/11/kenyataan-akhbar-kpk-11-julai-2020-situasi-semasa-jangkitan-penyakit-coronavirus-2019-covid-19-di-malaysia/
12-07-20,4,8519,,,,14,8718,3,2,0,122,https://kpkesihatan.com/2020/07/12/kenyataan-akhbar-kpk-12-julai-2020-situasi-semasa-jangkitan-penyakit-coronavirus-2019-covid-19-di-malaysia/
13-07-20,1,8520,,,,7,8725,4,3,0,122,https://kpkesihatan.com/2020/07/13/kenyataan-akhbar-kpk-13-julai-2020-situasi-semasa-jangkitan-penyakit-coronavirus-2019-covid-19-di-malaysia/
14-07-20,4,8524,,,,4,8729,6,2,0,122,https://kpkesihatan.com/2020/07/14/kenyataan-akhbar-kpk-14-julai-2020-situasi-semasa-jangkitan-penyakit-coronavirus-2019-covid-19-di-malaysia/
15-07-20,2,8526,,,,5,8734,5,1,0,122,https://kpkesihatan.com/2020/07/15/kenyataan-akhbar-kpk-15-julai-2020-situasi-semasa-jangkitan-penyakit-coronavirus-2019-covid-19-di-malaysia/
16-07-20,12,8538,,,,3,8737,3,1,0,122,https://kpkesihatan.com/2020/07/16/kenyataan-akhbar-kkm-16-julai-2020-situasi-semasa-jangkitan-penyakit-coronavirus-2019-covid-19-di-malaysia/
17-07-20,3,8541,,,,18,8755,3,3,0,122,https://kpkesihatan.com/2020/07/17/kenyataan-akhbar-kpk-17-julai-2020-situasi-semasa-jangkitan-penyakit-coronavirus-2019-covid-19-di-malaysia/
18-07-20,5,8546,,,,9,8764,1,1,0,122,https://kpkesihatan.com/2020/07/18/kenyataan-akhbar-kpk-18-julai-2020-situasi-semasa-jangkitan-penyakit-coronavirus-2019-covid-19-di-malaysia/
19-07-20,7,8553,,,,15,8779,2,1,1,123,https://kpkesihatan.com/2020/07/19/kenyataan-akhbar-kpk-19-julai-2020-situasi-semasa-jangkitan-penyakit-coronavirus-2019-covid-19-di-malaysia/
20-07-20,2,8555,,,,21,8800,3,1,0,123,https://kpkesihatan.com/2020/07/20/kenyataan-akhbar-kpk-20-julai-2020-situasi-semasa-jangkitan-penyakit-coronavirus-2019-covid-19-di-malaysia/
21-07-20,7,8562,,,,15,8815,4,1,0,123,https://kpkesihatan.com/2020/07/21/kenyataan-akhbar-kpk-21-julai-2020-situasi-semasa-jangkitan-penyakit-coronavirus-2019-covid-19-di-malaysia/
22-07-20,4,8566,,,,16,8831,5,1,0,123,https://kpkesihatan.com/2020/07/22/kenyataan-akhbar-kpk-22-julai-2020-situasi-semasa-jangkitan-penyakit-coronavirus-2019-covid-19-di-malaysia/
23-07-20,8,8574,,,,9,8840,5,2,0,123,https://kpkesihatan.com/2020/07/23/kenyataan-akhbar-kpk-23-julai-2020-situasi-semasa-jangkitan-penyakit-coronavirus-2019-covid-19-di-malaysia/
24-07-20,3,8577,,,,21,8861,5,2,0,123,https://kpkesihatan.com/2020/07/24/kenyataan-akhbar-kpk-24-julai-2020-situasi-semasa-jangkitan-penyakit-coronavirus-2019-covid-19-di-malaysia/
25-07-20,17,8594,,,,23,8884,3,2,0,123,https://kpkesihatan.com/2020/07/25/kenyataan-akhbar-kpk-25-julai-2020-situasi-semasa-jangkitan-penyakit-coronavirus-2019-covid-19-di-malaysia/
26-07-20,6,8600,,,,13,8897,2,1,1,124,https://kpkesihatan.com/2020/07/26/kenyataan-akhbar-kementerian-kesihatan-malaysia-situasi-semasa-jangkitan-penyakit-coronavirus-2019-covid-19-di-malaysia/
27-07-20,1,8601,,,,7,8904,0,0,0,124,https://kpkesihatan.com/2020/07/27/kenyataan-akhbar-kpk-27-julai-2020-situasi-semasa-jangkitan-penyakit-coronavirus-2019-covid-19-di-malaysia/
28-07-20,6,8607,,,,39,8943,1,1,0,124,https://kpkesihatan.com/2020/07/28/kenyataan-akhbar-kpk-28-julai-2020-situasi-semasa-jangkitan-penyakit-coronavirus-2019-covid-19-di-malaysia/
29-07-20,5,8612,,,,13,8956,2,1,0,124,https://kpkesihatan.com/2020/07/29/kenyataan-akhbar-kpk-29-julai-2020-situasi-semasa-jangkitan-penyakit-coronavirus-2019-covid-19-di-malaysia/
30-07-20,5,8617,,,,8,8964,3,1,0,124,https://kpkesihatan.com/2020/07/30/kenyataan-akhbar-kpk-30-julai-2020-situasi-semasa-jangkitan-penyakit-coronavirus-2019-covid-19-di-malaysia/
31-07-20,27,8644,,,,12,8976,3,1,1,125,https://kpkesihatan.com/2020/07/31/kenyataan-akhbar-kpk-31-julai-2020-situasi-semasa-jangkitan-penyakit-coronavirus-2019-covid-19-di-malaysia/
01-08-20,3,8647,,,,9,8985,2,1,0,125,https://kpkesihatan.com/2020/08/01/kenyataan-akhbar-kpk-1-ogos-2020-situasi-semasa-jangkitan-penyakit-coronavirus-2019-covid-19-di-malaysia/
02-08-20,17,8664,,,,14,8999,2,1,0,125,https://kpkesihatan.com/2020/08/02/kenyataan-akhbar-kpk-2-ogos-2020-situasi-semasa-jangkitan-penyakit-coronavirus-2019-covid-19-di-malaysia/
03-08-20,4,8668,,,,2,9001,1,1,0,125,https://kpkesihatan.com/2020/08/03/kenyataan-akhbar-kpk-3-ogos-2020-situasi-semasa-jangkitan-penyakit-coronavirus-2019-covid-19-di-malaysia/
04-08-20,16,8684,,,,1,9002,0,0,0,125,https://kpkesihatan.com/2020/08/04/kenyataan-akhbar-kpk-4-ogos-2020-situasi-semasa-jangkitan-penyakit-coronavirus-2019-covid-19-di-malaysia/
05-08-20,18,8702,,,,21,9023,2,2,0,125,https://kpkesihatan.com/2020/08/05/kenyataan-akhbar-kpk-5-ogos-2020-situasi-semasa-jangkitan-penyakit-coronavirus-2019-covid-19-di-malaysia/
06-08-20,11,8713,,,,15,9038,2,1,0,125,https://kpkesihatan.com/2020/08/06/kenyataan-akhbar-kpk-6-ogos-2020-situasi-semasa-jangkitan-penyakit-coronavirus-2019-covid-19-di-malaysia/
07-08-20,15,8728,,,,25,9063,2,1,0,125,https://kpkesihatan.com/2020/08/07/kenyataan-akhbar-kpk-7-ogos-2020-situasi-semasa-jangkitan-penyakit-coronavirus-2019-covid-19-di-malaysia/
08-08-20,47,8775,,,,7,9070,2,1,0,125,https://kpkesihatan.com/2020/08/08/kenyataan-akhbar-kpk-8-ogos-2020-situasi-semasa-jangkitan-penyakit-coronavirus-2019-covid-19-di-malaysia/
09-08-20,9,8784,,,,13,9083,1,1,0,125,https://kpkesihatan.com/2020/08/09/kenyataan-akhbar-kpk-9-ogos-2020-situasi-semasa-jangkitan-penyakit-coronavirus-2019-covid-19-di-malaysia/
10-08-20,19,8803,,,,11,9094,1,1,0,125,https://kpkesihatan.com/2020/08/10/kenyataan-akhbar-kpk-10-ogos-2020-situasi-semasa-jangkitan-penyakit-coronavirus-2019-covid-19-di-malaysia/
11-08-20,6,8809,,,,9,9103,2,2,0,125,https://kpkesihatan.com/2020/08/11/kenyataan-akhbar-kpk-11-ogos-2020-situasi-semasa-jangkitan-penyakit-coronavirus-2019-covid-19-di-malaysia/
12-08-20,8,8817,,,,11,9114,1,1,0,125,https://kpkesihatan.com/2020/08/12/kenyataan-akhbar-kpk-12-ogos-2020-situasi-semasa-jangkitan-penyakit-coronavirus-2019-covid-19-di-malaysia/
13-08-20,4,8821,,,,15,9129,2,2,0,125,https://kpkesihatan.com/2020/08/13/kenyataan-akhbar-kpk-13-ogos-2020-situasi-semasa-jangkitan-penyakit-coronavirus-2019-covid-19-di-malaysia/
14-08-20,7,8828,,,,20,9149,4,1,0,125,https://kpkesihatan.com/2020/08/14/kenyataan-akhbar-kpk-14-ogos-2020-situasi-semasa-jangkitan-penyakit-coronavirus-2019-covid-19-di-malaysia/
15-08-20,3,8831,,,,26,9175,6,1,0,125,https://kpkesihatan.com/2020/08/15/kenyataan-akhbar-kpk-15-ogos-2020-situasi-semasa-jangkitan-penyakit-coronavirus-2019-covid-19-di-malaysia/
16-08-20,28,8859,,,,25,9200,7,2,0,125,https://kpkesihatan.com/2020/08/16/kenyataan-akhbar-kpk-16-ogos-2020-situasi-semasa-jangkitan-penyakit-coronavirus-2019-covid-19-di-malaysia/
17-08-20,17,8876,,,,12,9212,8,2,0,125,https://kpkesihatan.com/2020/08/17/kenyataan-akhbar-kpk-17-ogos-2020-situasi-semasa-jangkitan-penyakit-coronavirus-2019-covid-19-di-malaysia/
18-08-20,26,8902,,,,7,9219,8,2,0,125,https://kpkesihatan.com/2020/08/18/kenyataan-akhbar-kpk-18-ogos-2020-situasi-semasa-jangkitan-penyakit-coronavirus-2019-covid-19-di-malaysia/
19-08-20,23,8925,,,,16,9235,7,3,0,125,https://kpkesihatan.com/2020/08/19/kenyataan-akhbar-kpk-19-ogos-2020-situasi-semasa-jangkitan-penyakit-coronavirus-2019-covid-19-di-malaysia/
20-08-20,7,8932,,,,5,9240,7,4,0,125,https://kpkesihatan.com/2020/08/20/kenyataan-akhbar-kpk-20-ogos-2020-situasi-semasa-jangkitan-penyakit-coronavirus-2019-covid-19-di-malaysia/
21-08-20,13,8945,,,,9,9249,7,4,0,125,https://kpkesihatan.com/2020/08/21/kenyataan-akhbar-kpk-21-ogos-2020-situasi-semasa-jangkitan-penyakit-coronavirus-2019-covid-19-di-malaysia/
22-08-20,4,8949,,,,8,9257,8,4,0,125,https://kpkesihatan.com/2020/08/22/kenyataan-akhbar-kpk-22-ogos-2020-situasi-semasa-jangkitan-penyakit-coronavirus-2019-covid-19-di-malaysia/
23-08-20,10,8959,,,,10,9267,9,4,0,125,https://kpkesihatan.com/2020/08/23/kenyataan-akhbar-kpk-23-ogos-2020-situasi-semasa-jangkitan-penyakit-coronavirus-2019-covid-19-di-malaysia/
24-08-20,6,8965,,,,7,9274,8,5,0,125,https://kpkesihatan.com/2020/08/24/kenyataan-akhbar-kpk-24-ogos-2020-situasi-semasa-jangkitan-penyakit-coronavirus-2019-covid-19-di-malaysia/
25-08-20,6,8971,,,,11,9285,8,6,0,125,https://kpkesihatan.com/2020/08/25/kenyataan-akhbar-kpk-25-ogos-2020-situasi-semasa-jangkitan-penyakit-coronavirus-2019-covid-19-di-malaysia/
26-08-20,7,8978,,,,6,9291,9,6,0,125,https://kpkesihatan.com/2020/08/26/kenyataan-akhbar-kpk-26-ogos-2020-situasi-semasa-jangkitan-penyakit-coronavirus-2019-covid-19-di-malaysia/
27-08-20,16,8994,,,,5,9296,8,6,0,125,https://kpkesihatan.com/2020/08/27/kenyataan-akhbar-kpk-27-ogos-2020-situasi-semasa-jangkitan-penyakit-coronavirus-2019-covid-19-di-malaysia/
28-08-20,36,9030,,,,10,9306,8,6,0,125,https://kpkesihatan.com/2020/08/28/kenyataan-akhbar-kpk-28-ogos-2020-situasi-semasa-jangkitan-penyakit-coronavirus-2019-covid-19-di-malaysia/
29-08-20,8,9038,,,,11,9317,8,6,0,125,https://kpkesihatan.com/2020/08/29/kenyataan-akhbar-kpk-29-ogos-2020-situasi-semasa-jangkitan-penyakit-coronavirus-2019-covid-19-di-malaysia/
30-08-20,10,9048,,,,17,9334,7,5,1,126,https://kpkesihatan.com/2020/08/30/kenyataan-akhbar-kpk-30-ogos-2020-situasi-semasa-jangkitan-penyakit-coronavirus-2019-covid-19-di-malaysia/
31-08-20,6,9054,,,,6,9340,6,4,1,127,https://kpkesihatan.com/2020/08/31/kenyataan-akhbar-kpk-31-ogos-2020-situasi-semasa-jangkitan-penyakit-coronavirus-2019-covid-19-di-malaysia/
01-09-20,21,9075,,,,14,9354,5,3,1,128,https://kpkesihatan.com/2020/09/01/kenyataan-akhbar-kpk-1-september-2020-situasi-semasa-jangkitan-penyakit-coronavirus-2019-covid-19-di-malaysia/
02-09-20,4,9079,,,,6,9360,4,3,0,128,https://kpkesihatan.com/2020/09/02/kenyataan-akhbar-kpk-2-september-2020-situasi-semasa-jangkitan-penyakit-coronavirus-2019-covid-19-di-malaysia/
03-09-20,4,9083,,,,14,9374,4,3,0,128,https://kpkesihatan.com/2020/09/03/kenyataan-akhbar-kpk-3-september-2020-situasi-semasa-jangkitan-penyakit-coronavirus-2019-covid-19-di-malaysia/
04-09-20,9,9092,,,,11,9385,4,3,0,128,https://kpkesihatan.com/2020/09/04/kenyataan-akhbar-kpk-4-september-2020-situasi-semasa-jangkitan-penyakit-coronavirus-2019-covid-19-di-malaysia/
05-09-20,21,9113,,,,6,9391,5,3,0,128,https://kpkesihatan.com/2020/09/05/kenyataan-akhbar-kpk-5-september-2020-situasi-semasa-jangkitan-penyakit-coronavirus-2019-covid-19-di-malaysia/
06-09-20,2,9115,,,,6,9397,6,3,0,128,https://kpkesihatan.com/2020/09/06/kenyataan-akhbar-kpk-6-september-2020-situasi-semasa-jangkitan-penyakit-coronavirus-2019-covid-19-di-malaysia/
07-09-20,9,9124,,,,62,9459,6,4,0,128,https://kpkesihatan.com/2020/09/07/kenyataan-akhbar-kpk-7-september-2020-situasi-semasa-jangkitan-penyakit-coronavirus-2019-covid-19-di-malaysia/
08-09-20,12,9136,,,,100,9559,7,4,0,128,https://kpkesihatan.com/2020/09/08/kenyataan-akhbar-kpk-8-september-2020-situasi-semasa-jangkitan-penyakit-coronavirus-2019-covid-19-di-malaysia/
09-09-20,7,9143,,,,24,9583,7,4,0,128,https://kpkesihatan.com/2020/09/09/kenyataan-akhbar-kpk-9-september-2020-situasi-semasa-jangkitan-penyakit-coronavirus-2019-covid-19-di-malaysia/
10-09-20,24,9167,,,,45,9628,9,5,0,128,https://kpkesihatan.com/2020/09/10/kenyataan-akhbar-kpk-10-september-2020-situasi-semasa-jangkitan-penyakit-coronavirus-2019-covid-19-di-malaysia/
11-09-20,14,9181,,,,182,9810,9,5,0,128,https://kpkesihatan.com/2020/09/11/kenyataan-akhbar-kpk-11-september-2020-situasi-semasa-jangkitan-penyakit-coronavirus-2019-covid-19-di-malaysia/
12-09-20,8,9189,,,,58,9868,9,5,0,128,https://kpkesihatan.com/2020/09/12/kenyataan-akhbar-kpk-12-september-2020-situasi-semasa-jangkitan-penyakit-coronavirus-2019-covid-19-di-malaysia/
13-09-20,7,9196,,,,47,9915,9,4,0,128,https://kpkesihatan.com/2020/09/13/kenyataan-akhbar-kpk-13-september-2020-situasi-semasa-jangkitan-penyakit-coronavirus-2019-covid-19-di-malaysia/
14-09-20,7,9203,,,,31,9946,11,5,0,128,https://kpkesihatan.com/2020/09/14/kenyataan-akhbar-kpk-14-september-2020-situasi-semasa-jangkitan-penyakit-coronavirus-2019-covid-19-di-malaysia/
15-09-20,6,9209,,,,23,9969,14,4,0,128,https://kpkesihatan.com/2020/09/15/kenyataan-akhbar-kpk-15-september-2020-situasi-semasa-jangkitan-penyakit-coronavirus-2019-covid-19-di-malaysia/
16-09-20,26,9235,,,,62,10031,15,3,0,128,https://kpkesihatan.com/2020/09/16/kenyataan-akhbar-kpk-16-september-2020-situasi-semasa-jangkitan-penyakit-coronavirus-2019-covid-19-di-malaysia/
17-09-20,15,9250,,,,21,10052,13,2,0,128,https://kpkesihatan.com/2020/09/17/kenyataan-akhbar-kpk-17-september-2020-situasi-semasa-jangkitan-penyakit-coronavirus-2019-covid-19-di-malaysia/
18-09-20,14,9264,,,,95,10147,11,2,1,129,https://kpkesihatan.com/2020/09/18/kenyataan-akhbar-kpk-18-september-2020-situasi-semasa-jangkitan-penyakit-coronavirus-2019-covid-19-di-malaysia/
19-09-20,51,9315,,,,20,10167,12,2,1,130,https://kpkesihatan.com/2020/09/19/kenyataan-akhbar-kpk-19-september-2020-situasi-semasa-jangkitan-penyakit-coronavirus-2019-covid-19-di-malaysia/
20-09-20,40,9355,,,,52,10219,10,2,0,130,https://kpkesihatan.com/2020/09/20/kenyataan-akhbar-kpk-20-september-2020-situasi-semasa-jangkitan-penyakit-coronavirus-2019-covid-19-di-malaysia/
21-09-20,40,9395,,,,57,10276,9,2,0,130,https://kpkesihatan.com/2020/09/21/kenyataan-akhbar-kpk-21-september-2020-situasi-semasa-jangkitan-penyakit-coronavirus-2019-covid-19-di-malaysia/
22-09-20,168,9563,,,,82,10358,9,2,0,130,https://kpkesihatan.com/2020/09/22/kenyataan-akhbar-kpk-22-september-2020-situasi-semasa-jangkitan-penyakit-coronavirus-2019-covid-19-di-malaysia/
23-09-20,39,9602,,,,147,10505,8,2,3,133,https://kpkesihatan.com/2020/09/23/kenyataan-akhbar-kpk-23-september-2020-situasi-semasa-jangkitan-penyakit-coronavirus-2019-covid-19-di-malaysia/
24-09-20,64,9666,,,,71,10576,6,2,0,133,https://kpkesihatan.com/2020/09/24/kenyataan-akhbar-kpk-24-september-2020-situasi-semasa-jangkitan-penyakit-coronavirus-2019-covid-19-di-malaysia/
25-09-20,30,9696,,,,111,10687,4,3,0,133,https://kpkesihatan.com/2020/09/25/kenyataan-akhbar-kpk-25-september-2020-situasi-semasa-jangkitan-penyakit-coronavirus-2019-covid-19-di-malaysia/
26-09-20,89,9785,,,,82,10769,8,4,0,133,https://kpkesihatan.com/2020/09/26/kenyataan-akhbar-kpk-26-september-2020-situasi-semasa-jangkitan-penyakit-coronavirus-2019-covid-19-di-malaysia/
27-09-20,50,9835,,,,150,10919,6,4,1,134,https://kpkesihatan.com/2020/09/27/kenyataan-akhbar-kpk-27-september-2020-situasi-semasa-jangkitan-penyakit-coronavirus-2019-covid-19-di-malaysia/
28-09-20,54,9889,,,,115,11034,8,5,0,134,https://kpkesihatan.com/2020/09/28/kenyataan-akhbar-kpk-28-september-2020-situasi-semasa-jangkitan-penyakit-coronavirus-2019-covid-19-di-malaysia/
29-09-20,50,9939,,,,101,11135,13,5,0,134,https://kpkesihatan.com/2020/09/29/kenyataan-akhbar-kpk-29-september-2020-situasi-semasa-jangkitan-penyakit-coronavirus-2019-covid-19-di-malaysia/
30-09-20,28,9967,,,,89,11224,16,3,2,136,https://kpkesihatan.com/2020/09/30/kenyataan-akhbar-kpk-30-september-2020-situasi-semasa-jangkitan-penyakit-coronavirus-2019-covid-19-di-malaysia/
01-10-20,47,10014,,,,260,11484,20,3,0,136,https://kpkesihatan.com/2020/10/01/kenyataan-akhbar-kpk-1-oktober-2020-situasi-semasa-jangkitan-penyakit-coronavirus-2019-covid-19-di-malaysia/
02-10-20,81,10095,,,,287,11771,22,4,0,136,https://kpkesihatan.com/2020/10/02/kenyataan-akhbar-kpk-2-oktober-2020-situasi-semasa-jangkitan-penyakit-coronavirus-2019-covid-19-di-malaysia/
03-10-20,121,10216,,,,317,12088,29,4,1,137,https://kpkesihatan.com/2020/10/03/kenyataan-akhbar-kpk-3-oktober-2020-situasi-semasa-jangkitan-penyakit-coronavirus-2019-covid-19-di-malaysia/
04-10-20,67,10283,,,,293,12381,28,4,0,137,https://kpkesihatan.com/2020/10/04/kenyataan-akhbar-kpk-4-oktober-2020-situasi-semasa-jangkitan-penyakit-coronavirus-2019-covid-19-di-malaysia/
05-10-20,57,10340,,,,432,12813,32,8,0,137,https://kpkesihatan.com/2020/10/05/kenyataan-akhbar-kpk-5-oktober-2020-situasi-semasa-jangkitan-penyakit-coronavirus-2019-covid-19-di-malaysia/
06-10-20,87,10427,,,,691,13504,31,8,4,141,https://kpkesihatan.com/2020/10/06/kenyataan-akhbar-kpk-6-oktober-2020-situasi-semasa-jangkitan-penyakit-coronavirus-2019-covid-19-di-malaysia/
07-10-20,74,10501,,,,489,13993,40,13,0,141,https://kpkesihatan.com/2020/10/07/kenyataan-akhbar-kpk-7-oktober-2020-situasi-semasa-jangkitan-penyakit-coronavirus-2019-covid-19-di-malaysia/
08-10-20,18,10519,,,,375,14368,60,20,5,146,https://kpkesihatan.com/2020/10/08/kenyataan-akhbar-kpk-8-oktober-2020-situasi-semasa-jangkitan-penyakit-coronavirus-2019-covid-19-di-malaysia/
09-10-20,188,10707,,,,354,14722,68,25,6,152,https://kpkesihatan.com/2020/10/09/kenyataan-akhbar-kpk-9-oktober-2020-situasi-semasa-jangkitan-penyakit-coronavirus-2019-covid-19-di-malaysia/
10-10-20,73,10780,,,,374,15096,73,28,3,155,https://kpkesihatan.com/2020/10/10/kenyataan-akhbar-kpk-10-oktober-2020-situasi-semasa-jangkitan-penyakit-coronavirus-2019-covid-19-di-malaysia/
11-10-20,133,10913,,,,561,15657,90,29,2,157,https://kpkesihatan.com/2020/10/11/kenyataan-akhbar-kpk-11-oktober-2020-situasi-semasa-jangkitan-penyakit-coronavirus-2019-covid-19-di-malaysia/
12-10-20,109,11022,,,,563,16220,98,29,2,159,https://kpkesihatan.com/2020/10/12/kenyataan-akhbar-kpk-12-oktober-2020-situasi-semasa-jangkitan-penyakit-coronavirus-2019-covid-19-di-malaysia/
13-10-20,350,11372,,,,660,16880,101,32,4,163,https://kpkesihatan.com/2020/10/13/kenyataan-akhbar-kpk-13-oktober-2020-situasi-semasa-jangkitan-penyakit-coronavirus-2019-covid-19-di-malaysia/
14-10-20,233,11605,,,,660,17540,108,35,4,167,https://kpkesihatan.com/2020/10/14/kenyataan-akhbar-kpk-14-oktober-2020-situasi-semasa-jangkitan-penyakit-coronavirus-2019-covid-19-di-malaysia/
15-10-20,409,12014,,,,589,18129,103,31,3,170,https://kpkesihatan.com/2020/10/15/kenyataan-akhbar-kpk-15-oktober-2020-situasi-semasa-jangkitan-penyakit-coronavirus-2019-covid-19-di-malaysia/
16-10-20,245,12259,,,,629,18758,99,31,6,176,https://kpkesihatan.com/2020/10/16/kenyataan-akhbar-kpk-16-oktober-2020-situasi-semasa-jangkitan-penyakit-coronavirus-2019-covid-19-di-malaysia/
17-10-20,302,12561,,,,869,19627,91,30,4,180,https://kpkesihatan.com/2020/10/17/kenyataan-akhbar-kpk-17-oktober-2020-situasi-semasa-jangkitan-penyakit-coronavirus-2019-covid-19-di-malaysia/
18-10-20,701,13262,,,,871,20498,86,28,7,187,https://kpkesihatan.com/2020/10/18/kenyataan-akhbar-kpk-18-oktober-2020-situasi-semasa-jangkitan-penyakit-coronavirus-2019-covid-19-di-malaysia/
19-10-20,455,13717,,,,865,21363,99,32,3,190,https://kpkesihatan.com/2020/10/19/kenyataan-akhbar-kpk-19-oktober-2020-situasi-semasa-jangkitan-penyakit-coronavirus-2019-covid-19-di-malaysia/
20-10-20,634,14351,,,,862,22225,95,29,3,193,https://kpkesihatan.com/2020/10/20/kenyataan-akhbar-kpk-20-oktober-2020-situasi-semasa-jangkitan-penyakit-coronavirus-2019-covid-19-di-malaysia/
21-10-20,580,14931,,,,732,22957,102,31,6,199,https://kpkesihatan.com/2020/10/21/kenyataan-akhbar-kpk-21-oktober-2020-situasi-semasa-jangkitan-penyakit-coronavirus-2019-covid-19-di-malaysia/
22-10-20,486,15417,,,,847,23804,90,29,5,204,https://kpkesihatan.com/2020/10/22/kenyataan-akhbar-kpk-22-oktober-2020-situasi-semasa-jangkitan-penyakit-coronavirus-2019-covid-19-di-malaysia/
23-10-20,467,15884,,,,710,24514,90,28,10,214,https://kpkesihatan.com/2020/10/23/kenyataan-akhbar-kpk-23-oktober-2020-situasi-semasa-jangkitan-penyakit-coronavirus-2019-covid-19-di-malaysia/
24-10-20,671,16555,,,,1228,25742,92,31,7,221,https://kpkesihatan.com/2020/10/24/kenyataan-akhbar-kpk-24-oktober-2020-situasi-semasa-jangkitan-penyakit-coronavirus-2019-covid-19-di-malaysia/
25-10-20,579,17134,,,,823,26565,99,30,8,229,https://kpkesihatan.com/2020/10/25/kenyataan-akhbar-kpk-25-oktober-2020-situasi-semasa-jangkitan-penyakit-coronavirus-2019-covid-19-di-malaysia/
26-10-20,691,17825,,,,1240,27805,94,31,7,236,https://kpkesihatan.com/2020/10/26/kenyataan-akhbar-kpk-26-oktober-2020-situasi-semasa-jangkitan-penyakit-coronavirus-2019-covid-19-di-malaysia/
27-10-20,674,18499,,,,835,28640,89,32,2,238,https://kpkesihatan.com/2020/10/27/kenyataan-akhbar-kpk-27-oktober-2020-situasi-semasa-jangkitan-penyakit-coronavirus-2019-covid-19-di-malaysia/
28-10-20,573,19072,,,,801,29441,94,25,8,246,https://kpkesihatan.com/2020/10/28/kenyataan-akhbar-kpk-28-oktober-2020-situasi-semasa-jangkitan-penyakit-coronavirus-2019-covid-19-di-malaysia/
29-10-20,685,19757,,,,649,30090,106,23,0,246,https://kpkesihatan.com/2020/10/29/kenyataan-akhbar-kpk-29-oktober-2020-situasi-semasa-jangkitan-penyakit-coronavirus-2019-covid-19-di-malaysia/
30-10-20,491,20248,,,,799,30889,90,20,3,249,https://kpkesihatan.com/2020/10/30/kenyataan-akhbar-kpk-30-oktober-2020-situasi-semasa-jangkitan-penyakit-coronavirus-2019-covid-19-di-malaysia/
31-10-20,1000,21248,,,,659,31548,83,19,0,249,https://kpkesihatan.com/2020/10/31/kenyataan-akhbar-kpk-31-oktober-2020-situasi-semasa-jangkitan-penyakit-coronavirus-2019-covid-19-di-malaysia/
01-11-20,972,22220,,,,957,32505,97,27,0,249,https://kpkesihatan.com/2020/11/01/kenyataan-akhbar-kpk-1-november-2020-situasi-semasa-jangkitan-penyakit-coronavirus-2019-covid-19-di-malaysia/
02-11-20,900,23120,,,,834,33339,91,32,2,251,https://kpkesihatan.com/2020/11/02/kenyataan-akhbar-kpk-2-november-2020-situasi-semasa-jangkitan-penyakit-coronavirus-2019-covid-19-di-malaysia/
03-11-20,875,23995,,,,1054,34393,94,32,12,263,https://kpkesihatan.com/2020/11/03/kenyataan-akhbar-kpk-3-november-2020-situasi-semasa-jangkitan-penyakit-coronavirus-2019-covid-19-di-malaysia/
04-11-20,820,24815,,,,1032,35425,82,27,8,271,https://kpkesihatan.com/2020/11/04/kenyataan-akhbar-kpk-4-november-2020-situasi-semasa-jangkitan-penyakit-coronavirus-2019-covid-19-di-malaysia/
05-11-20,839,25654,,,,1009,36434,78,28,6,277,https://kpkesihatan.com/2020/11/05/kenyataan-akhbar-kpk-5-november-2020-situasi-semasa-jangkitan-penyakit-coronavirus-2019-covid-19-di-malaysia/
06-11-20,726,26380,,,,1755,38189,83,32,2,279,https://kpkesihatan.com/2020/11/06/kenyataan-akhbar-kpk-6-november-2020-situasi-semasa-jangkitan-penyakit-coronavirus-2019-covid-19-di-malaysia/
07-11-20,1029,27409,,,,1168,39357,87,32,3,282,https://kpkesihatan.com/2020/11/07/kenyataan-akhbar-kpk-7-november-2020-situasi-semasa-jangkitan-penyakit-coronavirus-2019-covid-19-di-malaysia/
08-11-20,825,28234,,,,852,40209,94,32,4,286,https://kpkesihatan.com/2020/11/08/kenyataan-akhbar-kpk-8-november-2020-situasi-semasa-jangkitan-penyakit-coronavirus-2019-covid-19-di-malaysia/
09-11-20,1345,29579,,,,972,41181,86,31,8,294,https://kpkesihatan.com/2020/11/09/kenyataan-akhbar-kpk-9-november-2020-situasi-semasa-jangkitan-penyakit-coronavirus-2019-covid-19-di-malaysia/
10-11-20,725,30304,,,,869,42050,82,27,6,300,https://kpkesihatan.com/2020/11/10/kenyataan-akhbar-kpk-10-november-2020-situasi-semasa-jangkitan-penyakit-coronavirus-2019-covid-19-di-malaysia/
11-11-20,769,31073,,,,822,42872,86,30,2,302,https://kpkesihatan.com/2020/11/11/kenyataan-akhbar-kpk-11-november-2020-situasi-semasa-jangkitan-penyakit-coronavirus-2019-covid-19-di-malaysia/
12-11-20,996,32069,,,,919,43791,92,35,1,303,https://kpkesihatan.com/2020/11/12/kenyataan-akhbar-kpk-12-november-2020-situasi-semasa-jangkitan-penyakit-coronavirus-2019-covid-19-di-malaysia/
13-11-20,900,32969,,,,1304,45095,96,39,1,304,https://kpkesihatan.com/2020/11/13/kenyataan-akhbar-kpk-13-november-2020-situasi-semasa-jangkitan-penyakit-coronavirus-2019-covid-19-di-malaysia/
14-11-20,803,33772,,,,1114,46209,103,43,2,306,https://kpkesihatan.com/2020/11/14/kenyataan-akhbar-kpk-14-november-2020-situasi-semasa-jangkitan-penyakit-coronavirus-2019-covid-19-di-malaysia/
15-11-20,1013,34785,,,,1208,47417,104,42,3,309,https://kpkesihatan.com/2020/11/15/kenyataan-akhbar-kpk-15-november-2020-situasi-semasa-jangkitan-penyakit-coronavirus-2019-covid-19-di-malaysia/
16-11-20,821,35606,,,,1103,48520,102,39,4,313,https://kpkesihatan.com/2020/11/16/kenyataan-akhbar-kpk-16-november-2020-situasi-semasa-jangkitan-penyakit-coronavirus-2019-covid-19-di-malaysia/
17-11-20,1018,36624,,,,1210,49730,105,40,5,318,https://kpkesihatan.com/2020/11/17/kenyataan-akhbar-kpk-17-november-2020-situasi-semasa-jangkitan-penyakit-coronavirus-2019-covid-19-di-malaysia/
18-11-20,630,37254,,,,660,50390,103,41,4,322,https://kpkesihatan.com/2020/11/18/kenyataan-akhbar-kpk-18-november-2020-situasi-semasa-jangkitan-penyakit-coronavirus-2019-covid-19-di-malaysia/
19-11-20,878,38132,,,,1290,51680,110,37,4,326,https://kpkesihatan.com/2020/11/19/kenyataan-akhbar-kpk-19-november-2020-situasi-semasa-jangkitan-penyakit-coronavirus-2019-covid-19-di-malaysia/
20-11-20,956,39088,,,,958,52638,110,42,3,329,https://kpkesihatan.com/2020/11/20/kenyataan-akhbar-kpk-20-november-2020-situasi-semasa-jangkitan-penyakit-coronavirus-2019-covid-19-di-malaysia/
21-11-20,1405,40493,,,,1041,53679,108,45,3,332,https://kpkesihatan.com/2020/11/21/kenyataan-akhbar-kpk-21-november-2020-situasi-semasa-jangkitan-penyakit-coronavirus-2019-covid-19-di-malaysia/
22-11-20,1104,41597,,,,1096,54775,106,46,3,335,https://kpkesihatan.com/2020/11/22/kenyataan-akhbar-kpk-22-november-2020-situasi-semasa-jangkitan-penyakit-coronavirus-2019-covid-19-di-malaysia/
23-11-20,883,42480,,,,1884,56659,115,48,2,337,https://kpkesihatan.com/2020/11/23/kenyataan-akhbar-kpk-23-november-2020-situasi-semasa-jangkitan-penyakit-coronavirus-2019-covid-19-di-malaysia/
24-11-20,1673,44153,,,,2188,58847,112,49,4,341,https://kpkesihatan.com/2020/11/24/kenyataan-akhbar-kpk-24-november-2020-situasi-semasa-jangkitan-penyakit-coronavirus-2019-covid-19-di-malaysia/
25-11-20,2348,46501,,,,970,59817,110,47,4,345,https://kpkesihatan.com/2020/11/25/kenyataan-akhbar-kpk-25-november-2020-situasi-semasa-jangkitan-penyakit-coronavirus-2019-covid-19-di-malaysia/
26-11-20,2555,49056,,,,935,60752,110,45,3,348,https://kpkesihatan.com/2020/11/26/kenyataan-akhbar-kpk-26-november-2020-situasi-semasa-jangkitan-penyakit-coronavirus-2019-covid-19-di-malaysia/
27-11-20,1148,50204,,,,1109,61861,113,41,2,350,https://kpkesihatan.com/2020/11/27/kenyataan-akhbar-kpk-27-november-2020-situasi-semasa-jangkitan-penyakit-coronavirus-2019-covid-19-di-malaysia/
28-11-20,1110,51314,,,,1315,63176,118,43,4,354,https://kpkesihatan.com/2020/11/28/kenyataan-akhbar-kpk-28-november-2020-situasi-semasa-jangkitan-penyakit-coronavirus-2019-covid-19-di-malaysia/
29-11-20,1333,52647,,,,1309,64485,116,42,3,357,https://kpkesihatan.com/2020/11/29/kenyataan-akhbar-kpk-29-november-2020-situasi-semasa-jangkitan-penyakit-coronavirus-2019-covid-19-di-malaysia/
30-11-20,2112,54759,,,,1212,65697,113,42,3,360,https://kpkesihatan.com/2020/11/30/kenyataan-akhbar-kpk-30-november-2020-situasi-semasa-jangkitan-penyakit-coronavirus-2019-covid-19-di-malaysia/
01-12-20,1552,56311,,,,1472,67169,120,44,3,363,https://kpkesihatan.com/2020/12/01/kenyataan-akhbar-kpk-1-disember-2020-situasi-semasa-jangkitan-penyakit-coronavirus-2019-covid-19-di-malaysia/
02-12-20,658,56969,,,,851,68020,122,47,2,365,https://kpkesihatan.com/2020/12/02/kenyataan-akhbar-kpk-2-disember-2020-situasi-semasa-jangkitan-penyakit-coronavirus-2019-covid-19-di-malaysia/
03-12-20,948,57917,,,,1075,69095,116,46,11,376,https://kpkesihatan.com/2020/12/03/kenyataan-akhbar-kpk-3-disember-2020-situasi-semasa-jangkitan-penyakit-coronavirus-2019-covid-19-di-malaysia/
04-12-20,1144,59061,,,,1141,70236,129,53,0,376,https://kpkesihatan.com/2020/12/04/kenyataan-akhbar-kpk-4-disember-2020-situasi-semasa-jangkitan-penyakit-coronavirus-2019-covid-19-di-malaysia/
05-12-20,1143,60204,,,,1123,71359,130,54,4,380,https://kpkesihatan.com/2020/12/05/kenyataan-akhbar-kpk-5-disember-2020-situasi-semasa-jangkitan-penyakit-coronavirus-2019-covid-19-di-malaysia/
06-12-20,1069,61273,,,,1335,72694,126,57,2,382,https://kpkesihatan.com/2020/12/06/kenyataan-akhbar-kpk-6-disember-2020-situasi-semasa-jangkitan-penyakit-coronavirus-2019-covid-19-di-malaysia/
07-12-20,1033,62306,,,,1600,74294,129,57,2,384,https://kpkesihatan.com/2020/12/07/kenyataan-akhbar-kpk-7-disember-2020-situasi-semasa-jangkitan-penyakit-coronavirus-2019-covid-19-di-malaysia/
08-12-20,1750,64056,,,,1012,75306,126,62,4,388,https://kpkesihatan.com/2020/12/08/kenyataan-akhbar-kpk-8-disember-2020-situasi-semasa-jangkitan-penyakit-coronavirus-2019-covid-19-di-malaysia/
09-12-20,1068,65124,,,,959,76265,127,61,5,393,https://kpkesihatan.com/2020/12/09/kenyataan-akhbar-kpk-9-disember-2020-situasi-semasa-jangkitan-penyakit-coronavirus-2019-covid-19-di-malaysia/
10-12-20,1112,66236,,,,2234,78499,124,60,3,396,https://kpkesihatan.com/2020/12/10/kenyataan-akhbar-kpk-9-disember-2020-situasi-semasa-jangkitan-penyakit-coronavirus-2019-covid-19-di-malaysia-2/
11-12-20,937,67173,,,,1810,80309,123,63,6,402,https://kpkesihatan.com/2020/12/11/kenyataan-akhbar-kpk-11-disember-2020-situasi-semasa-jangkitan-penyakit-coronavirus-2019-covid-19-di-malaysia/
12-12-20,911,68084,,,,1937,82246,121,66,9,411,https://kpkesihatan.com/2020/12/12/kenyataan-akhbar-kpk-12-disember-2020-situasi-semasa-jangkitan-penyakit-coronavirus-2019-covid-19-di-malaysia/
13-12-20,1309,69393,,,,1229,83475,115,65,4,415,https://kpkesihatan.com/2020/12/13/kenyataan-akhbar-kpk-13-disember-2020-situasi-semasa-jangkitan-penyakit-coronavirus-2019-covid-19-di-malaysia/
14-12-20,1204,70597,,,,1371,84846,114,62,4,419,https://kpkesihatan.com/2020/12/14/kenyataan-akhbar-kpk-14-disember-2020-situasi-semasa-jangkitan-penyakit-coronavirus-2019-covid-19-di-malaysia/
15-12-20,1084,71681,,,,1772,86618,118,56,3,422,https://kpkesihatan.com/2020/12/15/kenyataan-akhbar-kpk-15-disember-2020-situasi-semasa-jangkitan-penyakit-coronavirus-2019-covid-19-di-malaysia/
16-12-20,1052,72733,,,,1295,87913,113,53,7,429,https://kpkesihatan.com/2020/12/16/kenyataan-akhbar-kpk-16-disember-2020-situasi-semasa-jangkitan-penyakit-coronavirus-2019-covid-19-di-malaysia/
17-12-20,1297,74030,,,,1220,89133,106,53,3,432,https://kpkesihatan.com/2020/12/17/kenyataan-akhbar-kpk-17-disember-2020-situasi-semasa-jangkitan-penyakit-coronavirus-2019-covid-19-di-malaysia/
18-12-20,1214,75244,,,,1683,90816,106,51,0,432,https://kpkesihatan.com/2020/12/18/kenyataan-akhbar-kpk-18-disember-2020-situasi-semasa-jangkitan-penyakit-coronavirus-2019-covid-19-di-malaysia/
19-12-20,998,76242,,,,1153,91969,112,56,1,433,https://kpkesihatan.com/2020/12/19/kenyataan-akhbar-kpk-19-disember-2020-situasi-semasa-jangkitan-penyakit-coronavirus-2019-covid-19-di-malaysia/
20-12-20,1067,77309,,,,1340,93309,116,57,4,437,https://kpkesihatan.com/2020/12/20/kenyataan-akhbar-kpk-20-disember-2020-situasi-semasa-jangkitan-penyakit-coronavirus-2019-covid-19-di-malaysia/
21-12-20,1084,78393,,,,2018,95327,109,55,1,438,https://kpkesihatan.com/2020/12/21/kenyataan-akhbar-kpk-21-disember-2020-situasi-semasa-jangkitan-penyakit-coronavirus-2019-covid-19-di-malaysia/
22-12-20,911,79304,,,,2062,97389,111,51,1,439,https://kpkesihatan.com/2020/12/22/kenyataan-akhbar-kpk-22-disember-2020-situasi-semasa-jangkitan-penyakit-coronavirus-2019-covid-19-di-malaysia/
23-12-20,710,80014,,,,1348,98737,102,44,5,444,https://kpkesihatan.com/2020/12/23/kenyataan-akhbar-kpk-23-disember-2020-situasi-semasa-jangkitan-penyakit-coronavirus-2019-covid-19-di-malaysia/
24-12-20,1085,81099,,,,1581,100318,102,45,2,446,https://kpkesihatan.com/2020/12/24/kenyataan-akhbar-kpk-24-disember-2020-situasi-semasa-jangkitan-penyakit-coronavirus-2019-covid-19-di-malaysia/
25-12-20,1441,82540,,,,1247,101565,108,47,3,449,https://kpkesihatan.com/2020/12/25/kenyataan-akhbar-kpk-25-disember-2020-situasi-semasa-jangkitan-penyakit-coronavirus-2019-covid-19-di-malaysia/
26-12-20,874,83414,,,,2335,103900,108,50,2,451,https://kpkesihatan.com/2020/12/26/kenyataan-akhbar-kpk-26-disember-2020-situasi-semasa-jangkitan-penyakit-coronavirus-2019-covid-19-di-malaysia/
27-12-20,997,84411,,,,1196,105096,111,50,1,452,https://kpkesihatan.com/2020/12/27/kenyataan-akhbar-kpk-27-disember-2020-situasi-semasa-jangkitan-penyakit-coronavirus-2019-covid-19-di-malaysia/
28-12-20,1181,85592,,,,1594,106690,116,53,3,455,https://kpkesihatan.com/2020/12/28/kenyataan-akhbar-kpk-28-disember-2020-situasi-semasa-jangkitan-penyakit-coronavirus-2019-covid-19-di-malaysia/
29-12-20,1123,86715,,,,1925,108615,117,55,2,457,https://kpkesihatan.com/2020/12/29/kenyataan-akhbar-kpk-29-disember-2020-situasi-semasa-jangkitan-penyakit-coronavirus-2019-covid-19-di-malaysia/
30-12-20,745,87460,,,,1870,110485,131,62,6,463,https://kpkesihatan.com/2020/12/30/kenyataan-akhbar-kpk-30-disember-2020-situasi-semasa-jangkitan-penyakit-coronavirus-2019-covid-19-di-malaysia/
31-12-20,1481,88941,,,,2525,113010,131,60,8,471,https://kpkesihatan.com/2020/12/31/kenyataan-akhbar-kpk-31-disember-2020-situasi-semasa-jangkitan-penyakit-coronavirus-2019-covid-19-di-malaysia/
01-01-21,2230,91171,,,,2068,115078,126,54,3,474,https://kpkesihatan.com/2021/01/01/kenyataan-akhbar-kpk-1-januari-2021-situasi-semasa-jangkitan-penyakit-coronavirus-2019-covid-19-di-malaysia/
02-01-21,3321,94492,,,,2295,117373,125,51,9,483,https://kpkesihatan.com/2021/01/02/kenyataan-akhbar-kpk-2-januari-2021-situasi-semasa-jangkitan-penyakit-coronavirus-2019-covid-19-di-malaysia/
03-01-21,2726,97218,,,,1704,119077,124,51,11,494,https://kpkesihatan.com/2021/01/03/kenyataan-akhbar-kpk-3-januari-2021-situasi-semasa-jangkitan-penyakit-coronavirus-2019-covid-19-di-malaysia/
04-01-21,1010,98228,,,,1741,120818,122,53,7,501,https://kpkesihatan.com/2021/01/04/kenyataan-akhbar-kpk-4-januari-2021-situasi-semasa-jangkitan-penyakit-coronavirus-2019-covid-19-di-malaysia/
05-01-21,1221,99449,,,,2027,122845,123,52,8,509,https://kpkesihatan.com/2021/01/05/kenyataan-akhbar-kpk-5-januari-2021-situasi-semasa-jangkitan-penyakit-coronavirus-2019-covid-19-di-malaysia/
06-01-21,1129,100578,,,,2593,125438,141,67,4,513,https://kpkesihatan.com/2021/01/06/kenyataan-akhbar-kpk-6-januari-2021-situasi-semasa-jangkitan-penyakit-coronavirus-2019-covid-19-di-malaysia/
07-01-21,2145,102723,,,,3027,128465,142,63,8,521,https://kpkesihatan.com/2021/01/07/kenyataan-akhbar-kpk-7-januari-2021-situasi-semasa-jangkitan-penyakit-coronavirus-2019-covid-19-di-malaysia/
08-01-21,2708,105431,,,,2643,131108,170,82,16,537,https://kpkesihatan.com/2021/01/08/kenyataan-akhbar-kpk-8-januari-2021-situasi-semasa-jangkitan-penyakit-coronavirus-2019-covid-19-di-malaysia/
09-01-21,1401,106832,,,,2451,133559,177,82,5,542,https://kpkesihatan.com/2021/01/09/kenyataan-akhbar-kpk-9-januari-2021-situasi-semasa-jangkitan-penyakit-coronavirus-2019-covid-19-di-malaysia/
10-01-21,1277,108109,,,,2433,135992,171,76,9,551,https://kpkesihatan.com/2021/01/10/kenyataan-akhbar-kpk-10-januari-2021-situasi-semasa-jangkitan-penyakit-coronavirus-2019-covid-19-di-malaysia/
11-01-21,1006,109115,,,,2232,138224,187,87,4,555,https://kpkesihatan.com/2021/01/11/kenyataan-akhbar-kpk-11-januari-2021-situasi-semasa-jangkitan-penyakit-coronavirus-2019-covid-19-di-malaysia/
12-01-21,1469,110584,,,,3309,141533,190,83,4,559,https://kpkesihatan.com/2021/01/12/kenyataan-akhbar-kpk-12-januari-2021-situasi-semasa-jangkitan-penyakit-coronavirus-2019-covid-19-di-malaysia/
13-01-21,994,111578,,,,2985,144518,197,79,4,563,https://kpkesihatan.com/2021/01/13/kenyataan-akhbar-kpk-13-januari-2021-situasi-semasa-jangkitan-penyakit-coronavirus-2019-covid-19-di-malaysia/
14-01-21,1710,113288,,,,3337,147855,195,86,15,578,https://kpkesihatan.com/2021/01/14/kenyataan-akhbar-kpk-14-januari-2021-situasi-semasa-jangkitan-penyakit-coronavirus-2019-covid-19-di-malaysia/
15-01-21,1939,115227,,,,3211,151066,204,87,8,586,https://kpkesihatan.com/2021/01/15/kenyataan-akhbar-kpk-15-januari-2021-situasi-semasa-jangkitan-penyakit-coronavirus-2019-covid-19-di-malaysia/
16-01-21,2148,117375,,,,4029,155095,205,79,8,594,https://kpkesihatan.com/2021/01/16/kenyataan-akhbar-kpk-16-januari-2021-situasi-semasa-jangkitan-penyakit-coronavirus-2019-covid-19-di-malaysia/
17-01-21,2676,120051,,,,3339,158434,240,93,7,601,https://kpkesihatan.com/2021/01/17/kenyataan-akhbar-kpk-17-januari-2021-situasi-semasa-jangkitan-penyakit-coronavirus-2019-covid-19-di-malaysia/
18-01-21,2293,122344,,,,3306,161740,226,94,4,605,https://kpkesihatan.com/2021/01/18/kenyataan-akhbar-kpk-18-januari-2021-situasi-semasa-jangkitan-penyakit-coronavirus-2019-covid-19-di-malaysia/
19-01-21,2944,125288,,,,3631,165371,238,96,14,619,https://kpkesihatan.com/2021/01/19/kenyataan-akhbar-kpk-19-januari-2021-situasi-semasa-jangkitan-penyakit-coronavirus-2019-covid-19-di-malaysia/
20-01-21,2374,127662,5,4003,41087,4008,169379,246,96,11,630,https://kpkesihatan.com/2021/01/20/kenyataan-akhbar-kpk-20-januari-2021-situasi-semasa-jangkitan-penyakit-coronavirus-2019-covid-19-di-malaysia/
21-01-21,2490,130152,8,3162,41755,3170,172549,260,103,12,642,https://kpkesihatan.com/2021/01/21/kenyataan-akhbar-kpk-21-januari-2021-situasi-semasa-jangkitan-penyakit-coronavirus-2019-covid-19-di-malaysia/
22-01-21,2554,132706,6,3625,42814,3631,176180,251,102,18,660,https://kpkesihatan.com/2021/01/22/kenyataan-akhbar-kpk-22-januari-2021-situasi-semasa-jangkitan-penyakit-coronavirus-2019-covid-19-di-malaysia/
23-01-21,4313,137019,11,4264,42769,4275,180455,260,103,7,667,https://kpkesihatan.com/2021/01/23/kenyataan-akhbar-kpk-23-januari-2021-situasi-semasa-jangkitan-penyakit-coronavirus-2019-covid-19-di-malaysia/
24-01-21,4427,141446,7,3339,41677,3346,183801,265,102,11,678,https://kpkesihatan.com/2021/01/24/kenyataan-akhbar-kpk-24-januari-2021-situasi-semasa-jangkitan-penyakit-coronavirus-2019-covid-19-di-malaysia/
25-01-21,3638,145084,8,3040,41076,3048,186849,261,101,11,689,https://kpkesihatan.com/2021/01/25/kenyataan-akhbar-kpk-25-januari-2021-situasi-semasa-jangkitan-penyakit-coronavirus-2019-covid-19-di-malaysia/
26-01-21,4076,149160,2,3583,40574,3585,190434,280,111,11,700,https://kpkesihatan.com/2021/01/26/kenyataan-akhbar-kpk-26-januari-2021-situasi-semasa-jangkitan-penyakit-coronavirus-2019-covid-19-di-malaysia/
27-01-21,1858,151018,6,3674,42389,3680,194114,314,122,7,707,https://kpkesihatan.com/2021/01/27/kenyataan-akhbar-kpk-27-januari-2021-situasi-semasa-jangkitan-penyakit-coronavirus-2019-covid-19-di-malaysia/
28-01-21,3281,154299,8,4086,43192,4094,198208,303,118,10,717,https://kpkesihatan.com/2021/01/28/kenyataan-akhbar-kpk-28-januari-2021-situasi-semasa-jangkitan-penyakit-coronavirus-2019-covid-19-di-malaysia/
29-01-21,3423,157722,7,5718,45478,5725,203933,301,115,16,733,https://kpkesihatan.com/2021/01/29/kenyataan-akhbar-kpk-29-januari-2021-situasi-semasa-jangkitan-penyakit-coronavirus-2019-covid-19-di-malaysia/
30-01-21,3805,161527,5,5723,47388,5728,209661,319,120,13,746,https://kpkesihatan.com/2021/01/30/kenyataan-akhbar-kpk-30-januari-2021-situasi-semasa-jangkitan-penyakit-coronavirus-2019-covid-19-di-malaysia/
31-01-21,4522,166049,3,5295,48150,5298,214959,313,127,14,760,https://kpkesihatan.com/2021/01/31/kenyataan-akhbar-kpk-31-januari-2021-situasi-semasa-jangkitan-penyakit-coronavirus-2019-covid-19-di-malaysia/
01-02-21,4280,170329,9,4205,48074,4214,219173,316,137,10,770,https://kpkesihatan.com/2021/02/01/kenyataan-akhbar-kpk-1-februari-2021-situasi-semasa-jangkitan-penyakit-coronavirus-2019-covid-19-di-malaysia/
02-02-21,3661,173990,5,3450,47847,3455,222628,327,145,21,791,https://kpkesihatan.com/2021/02/02/kenyataan-akhbar-kpk-2-februari-2021-situasi-semasa-jangkitan-penyakit-coronavirus-2019-covid-19-di-malaysia/
03-02-21,3804,177794,6,4278,48309,4284,226912,307,141,18,809,https://kpkesihatan.com/2021/02/03/kenyataan-akhbar-kpk-3-februari-2021-situasi-semasa-jangkitan-penyakit-coronavirus-2019-covid-19-di-malaysia/
04-02-21,4092,181886,3,4568,48771,4571,231483,308,135,17,826,https://kpkesihatan.com/2021/02/04/kenyataan-akhbar-kpk-4-februari-2021-situasi-semasa-jangkitan-penyakit-coronavirus-2019-covid-19-di-malaysia/
05-02-21,3392,185278,4,3387,48751,3391,234874,310,134,19,845,https://kpkesihatan.com/2021/02/05/kenyataan-akhbar-kpk-5-februari-2021-situasi-semasa-jangkitan-penyakit-coronavirus-2019-covid-19-di-malaysia/
06-02-21,1692,186970,4,3843,50894,3847,238721,305,139,12,857,https://kpkesihatan.com/2021/02/06/kenyataan-akhbar-kpk-6-februari-2021-situasi-semasa-jangkitan-penyakit-coronavirus-2019-covid-19-di-malaysia/
07-02-21,3369,190339,8,3723,51241,3731,242452,292,140,15,872,https://kpkesihatan.com/2021/02/07/kenyataan-akhbar-kpk-7-februari-2021-situasi-semasa-jangkitan-penyakit-coronavirus-2019-covid-19-di-malaysia/
08-02-21,2340,192679,1,3099,51977,3100,245552,282,134,24,896,https://kpkesihatan.com/2021/02/08/kenyataan-akhbar-kpk-8-februari-2021-situasi-semasa-jangkitan-penyakit-coronavirus-2019-covid-19-di-malaysia/
09-02-21,3887,196566,6,2758,50841,2764,248316,289,127,13,909,https://kpkesihatan.com/2021/02/09/kenyataan-akhbar-kpk-9-februari-2021-situasi-semasa-jangkitan-penyakit-coronavirus-2019-covid-19-di-malaysia/
10-02-21,1929,198495,5,3283,52186,3288,251604,285,131,14,923,https://kpkesihatan.com/2021/02/10/kenyataan-akhbar-kpk-10-februari-2021-situasi-semasa-jangkitan-penyakit-coronavirus-2019-covid-19-di-malaysia/
11-02-21,3774,202269,15,3369,51783,3384,254988,259,122,13,936,https://kpkesihatan.com/2021/02/11/kenyataan-akhbar-kpk-11-februari-2021-situasi-semasa-jangkitan-penyakit-coronavirus-2019-covid-19-di-malaysia/
12-02-21,3505,205774,7,3311,51579,3318,258306,258,119,17,953,https://kpkesihatan.com/2021/02/12/kenyataan-akhbar-kpk-12-februari-2021-situasi-semasa-jangkitan-penyakit-coronavirus-2019-covid-19-di-malaysia/
13-02-21,3515,209289,1,3498,51558,3499,261805,263,118,5,958,https://kpkesihatan.com/2021/02/13/kenyataan-akhbar-kpk-13-februari-2021-situasi-semasa-jangkitan-penyakit-coronavirus-2019-covid-19-di-malaysia/
14-02-21,4525,213814,3,2461,49490,2464,264269,260,111,7,965,https://kpkesihatan.com/2021/02/14/kenyataan-akhbar-kpk-14-februari-2021-situasi-semasa-jangkitan-penyakit-coronavirus-2019-covid-19-di-malaysia/
15-02-21,4521,218335,1,2175,47135,2176,266445,260,112,10,975,https://kpkesihatan.com/2021/02/15/kenyataan-akhbar-kpk-15-februari-2021-situasi-semasa-jangkitan-penyakit-coronavirus-2019-covid-19-di-malaysia/
16-02-21,5718,224053,0,2720,44129,2720,269165,253,118,8,983,https://kpkesihatan.com/2021/02/16/kenyataan-akhbar-kpk-16-februari-2021-situasi-semasa-jangkitan-penyakit-coronavirus-2019-covid-19-di-malaysia/
17-02-21,5709,229762,7,2991,41396,2998,272163,231,115,22,1005,https://kpkesihatan.com/2021/02/17/kenyataan-akhbar-kpk-17-februari-2021-situasi-semasa-jangkitan-penyakit-coronavirus-2019-covid-19-di-malaysia/
18-02-21,5320,235082,4,2708,38763,2712,274875,227,103,25,1030,https://kpkesihatan.com/2021/02/18/kenyataan-akhbar-kpk-18-februari-2021-situasi-semasa-jangkitan-penyakit-coronavirus-2019-covid-19-di-malaysia/
19-02-21,4889,239971,17,2919,36797,2936,277811,220,104,13,1043,https://kpkesihatan.com/2021/02/19/kenyataan-akhbar-kpk-19-februari-2021-situasi-semasa-jangkitan-penyakit-coronavirus-2019-covid-19-di-malaysia/
20-02-21,4782,244753,0,2461,34468,2461,280272,207,91,8,1051,https://kpkesihatan.com/2021/02/20/kenyataan-akhbar-kpk-20-februari-2021-situasi-semasa-jangkitan-penyakit-coronavirus-2019-covid-19-di-malaysia/
21-02-21,4456,249209,6,3291,33304,3297,283569,209,91,5,1056,https://kpkesihatan.com/2021/02/21/kenyataan-akhbar-kpk-21-februari-2021-situasi-semasa-jangkitan-penyakit-coronavirus-2019-covid-19-di-malaysia/
22-02-21,3414,252623,3,2189,32076,2192,285761,199,91,6,1062,https://kpkesihatan.com/2021/02/22/kenyataan-akhbar-kpk-22-februari-2021-situasi-semasa-jangkitan-penyakit-coronavirus-2019-covid-19-di-malaysia/
23-02-21,4055,256678,4,2464,30475,2468,288229,196,92,14,1076,https://kpkesihatan.com/2021/02/23/kenyataan-akhbar-kpk-23-februari-2021-situasi-semasa-jangkitan-penyakit-coronavirus-2019-covid-19-di-malaysia/
24-02-21,3331,260009,1,3544,30677,3545,291774,189,88,12,1088,https://kpkesihatan.com/2021/02/24/kenyataan-akhbar-kpk-24-februari-2021-situasi-semasa-jangkitan-penyakit-coronavirus-2019-covid-19-di-malaysia/
25-02-21,3752,263761,6,1918,28837,1924,293698,205,91,12,1100,https://kpkesihatan.com/2021/02/25/kenyataan-akhbar-kpk-25-februari-2021-situasi-semasa-jangkitan-penyakit-coronavirus-2019-covid-19-di-malaysia/
26-02-21,3085,266846,7,2246,27994,2253,295951,201,93,11,1111,https://kpkesihatan.com/2021/02/26/kenyataan-akhbar-kpk-26-februari-2021-situasi-semasa-jangkitan-penyakit-coronavirus-2019-covid-19-di-malaysia/
27-02-21,3320,270166,1,2363,27028,2364,298315,190,99,10,1121,https://kpkesihatan.com/2021/02/27/kenyataan-akhbar-kpk-27-februari-2021-situasi-semasa-jangkitan-penyakit-coronavirus-2019-covid-19-di-malaysia/
28-02-21,3251,273417,2,2435,26205,2437,300752,202,93,9,1130,https://kpkesihatan.com/2021/02/28/kenyataan-akhbar-kpk-28-februari-2021-situasi-semasa-jangkitan-penyakit-coronavirus-2019-covid-19-di-malaysia/
01-03-21,2486,275903,7,1821,25542,1828,302580,198,90,5,1135,https://kpkesihatan.com/2021/03/01/kenyataan-akhbar-kpk-1-mac-2021-situasi-semasa-jangkitan-penyakit-coronavirus-2019-covid-19-di-malaysia/
02-03-21,2528,278431,3,1552,24563,1555,304135,204,96,6,1141,https://kpkesihatan.com/2021/03/02/kenyataan-akhbar-kpk-2-mac-2021-situasi-semasa-jangkitan-penyakit-coronavirus-2019-covid-19-di-malaysia/
03-03-21,2276,280707,2,1743,24025,1745,305880,195,95,7,1148,https://kpkesihatan.com/2021/03/03/kenyataan-akhbar-kpk-3-mac-2021-situasi-semasa-jangkitan-penyakit-coronavirus-2019-covid-19-di-malaysia/
04-03-21,2922,283629,9,2054,23161,2063,307943,193,99,5,1153,https://kpkesihatan.com/2021/03/04/kenyataan-akhbar-kpk-4-mac-2021-situasi-semasa-jangkitan-penyakit-coronavirus-2019-covid-19-di-malaysia/
05-03-21,3275,286904,5,2149,22034,2154,310097,184,87,6,1159,https://kpkesihatan.com/2021/03/05/kenyataan-akhbar-kpk-5-mac-2021-situasi-semasa-jangkitan-penyakit-coronavirus-2019-covid-19-di-malaysia/
06-03-21,2548,289452,3,1677,21159,1680,311777,172,84,7,1166,https://kpkesihatan.com/2021/03/06/kenyataan-akhbar-kpk-6-mac-2021-situasi-semasa-jangkitan-penyakit-coronavirus-2019-covid-19-di-malaysia/
07-03-21,2506,291958,10,1673,20333,1683,313460,174,81,3,1169,https://kpkesihatan.com/2021/03/07/kenyataan-akhbar-kpk-7-mac-2021-situasi-semasa-jangkitan-penyakit-coronavirus-2019-covid-19-di-malaysia/
08-03-21,2076,294034,9,1520,19778,1529,314989,160,79,8,1177,https://kpkesihatan.com/2021/03/08/kenyataan-akhbar-kpk-8-mac-2021-situasi-semasa-jangkitan-penyakit-coronavirus-2019-covid-19-di-malaysia/
09-03-21,2345,296379,2,1278,18704,1280,316269,155,76,9,1186,https://kpkesihatan.com/2021/03/09/kenyataan-akhbar-kpk-9-mac-2021-situasi-semasa-jangkitan-penyakit-coronavirus-2019-covid-19-di-malaysia/
10-03-21,2137,298516,10,1438,18010,1448,317717,151,72,5,1191,https://kpkesihatan.com/2021/03/10/kenyataan-akhbar-kpk-10-mac-2021-situasi-semasa-jangkitan-penyakit-coronavirus-2019-covid-19-di-malaysia/
11-03-21,2104,300620,5,1642,17544,1647,319364,147,61,9,1200,https://kpkesihatan.com/2021/03/11/kenyataan-akhbar-kpk-11-mac-2021-situasi-semasa-jangkitan-penyakit-coronavirus-2019-covid-19-di-malaysia/
12-03-21,2042,302662,7,1568,17074,1575,320939,147,67,3,1203,https://kpkesihatan.com/2021/03/12/kenyataan-akhbar-kpk-12-mac-2021-situasi-semasa-jangkitan-penyakit-coronavirus-2019-covid-19-di-malaysia/
13-03-21,1830,304492,12,1458,16711,1470,322409,162,70,3,1206,https://kpkesihatan.com/2021/03/13/kenyataan-akhbar-kpk-13-mac-2021-situasi-semasa-jangkitan-penyakit-coronavirus-2019-covid-19-di-malaysia/
14-03-21,1782,306274,14,1340,16279,1354,323763,158,71,4,1210,https://kpkesihatan.com/2021/03/14/kenyataan-akhbar-kpk-14-mac-2021-situasi-semasa-jangkitan-penyakit-coronavirus-2019-covid-19-di-malaysia/
15-03-21,1973,308247,9,1199,15511,1208,324971,155,70,3,1213,https://kpkesihatan.com/2021/03/15/kenyataan-akhbar-kpk-15-mac-2021-situasi-semasa-jangkitan-penyakit-coronavirus-2019-covid-19-di-malaysia/
16-03-21,1365,309612,4,1059,15204,1063,326034,152,68,5,1218,https://kpkesihatan.com/2021/03/16/kenyataan-akhbar-kpk-16-mac-2021-situasi-semasa-jangkitan-penyakit-coronavirus-2019-covid-19-di-malaysia/
17-03-21,1346,310958,7,1212,15075,1219,327253,154,64,2,1220,https://kpkesihatan.com/2021/03/17/kenyataan-akhbar-kpk-17-mac-2021-situasi-semasa-jangkitan-penyakit-coronavirus-2019-covid-19-di-malaysia/
18-03-21,1503,312461,6,1207,14782,1213,328466,155,54,3,1223,https://kpkesihatan.com/2021/03/18/kenyataan-akhbar-kpk-18-mac-2021-situasi-semasa-jangkitan-penyakit-coronavirus-2019-covid-19-di-malaysia/
19-03-21,1996,314457,11,1565,14360,1576,330042,151,57,2,1225,https://kpkesihatan.com/2021/03/19/kenyataan-akhbar-kpk-19-mac-2021-situasi-semasa-jangkitan-penyakit-coronavirus-2019-covid-19-di-malaysia/
20-03-21,1585,316042,2,1669,14442,1671,331713,151,64,4,1229,https://kpkesihatan.com/2021/03/20/kenyataan-akhbar-kpk-20-mac-2021-situasi-semasa-jangkitan-penyakit-coronavirus-2019-covid-19-di-malaysia/
21-03-21,1247,317289,11,1316,14518,1327,333040,154,65,4,1233,https://kpkesihatan.com/2021/03/21/kenyataan-akhbar-kpk-21-mac-2021-situasi-semasa-jangkitan-penyakit-coronavirus-2019-covid-19-di-malaysia/
22-03-21,1495,318784,8,1108,14134,1116,334156,156,60,5,1238,https://kpkesihatan.com/2021/03/22/kenyataan-akhbar-kpk-22-mac-2021-situasi-semasa-jangkitan-penyakit-coronavirus-2019-covid-19-di-malaysia/
23-03-21,1058,319842,9,1375,14454,1384,335540,148,62,6,1244,https://kpkesihatan.com/2021/03/23/kenyataan-akhbar-kpk-23-mac-2021-situasi-semasa-jangkitan-penyakit-coronavirus-2019-covid-19-di-malaysia/
24-03-21,1083,320925,5,1263,14637,1268,336808,161,73,2,1246,https://kpkesihatan.com/2021/03/24/kenyataan-akhbar-kpk-24-mac-2021-situasi-semasa-jangkitan-penyakit-coronavirus-2019-covid-19-di-malaysia/
25-03-21,1491,322416,1,1359,14504,1360,338168,157,72,2,1248,https://kpkesihatan.com/2021/03/25/kenyataan-akhbar-kpk-25-mac-2021-situasi-semasa-jangkitan-penyakit-coronavirus-2019-covid-19-di-malaysia/
26-03-21,1509,323925,32,1243,14269,1275,339443,161,70,1,1249,https://kpkesihatan.com/2021/03/26/kenyataan-akhbar-kpk-26-mac-2021-situasi-semasa-jangkitan-penyakit-coronavirus-2019-covid-19-di-malaysia/
27-03-21,1257,325182,5,1194,14209,1199,340642,167,72,2,1251,https://kpkesihatan.com/2021/03/27/kenyataan-akhbar-kpk-27-mac-2021-situasi-semasa-jangkitan-penyakit-coronavirus-2019-covid-19-di-malaysia/
28-03-21,1127,326309,9,1293,14380,1302,341944,169,76,4,1255,https://kpkesihatan.com/2021/03/28/kenyataan-akhbar-kpk-28-mac-2021-situasi-semasa-jangkitan-penyakit-coronavirus-2019-covid-19-di-malaysia/
29-03-21,1097,327406,8,933,14219,941,342885,166,73,5,1260,https://kpkesihatan.com/2021/03/29/kenyataan-akhbar-kpk-29-mac-2021-situasi-semasa-jangkitan-penyakit-coronavirus-2019-covid-19-di-malaysia/
30-03-21,1148,328554,8,1125,14199,1133,344018,161,76,5,1265,https://kpkesihatan.com/2021/03/30/kenyataan-akhbar-kpk-30-mac-2021-situasi-semasa-jangkitan-penyakit-coronavirus-2019-covid-19-di-malaysia/
31-03-21,1070,329624,2,1480,14604,1482,345500,164,81,7,1272,https://kpkesihatan.com/2021/03/31/kenyataan-akhbar-kpk-31-mac-2021-situasi-semasa-jangkitan-penyakit-coronavirus-2019-covid-19-di-malaysia/
01-04-21,1377,331001,20,1158,14399,1178,346678,163,81,6,1278,https://kpkesihatan.com/2021/04/01/kenyataan-akhbar-kpk-1-april-2021-situasi-semasa-jangkitan-penyakit-coronavirus-2019-covid-19-di-malaysia/
02-04-21,1442,332443,26,1268,14246,1294,347972,168,78,5,1283,https://kpkesihatan.com/2021/04/02/kenyataan-akhbar-kpk-2-april-2021-situasi-semasa-jangkitan-penyakit-coronavirus-2019-covid-19-di-malaysia/
03-04-21,1449,333892,7,1631,14432,1638,349610,167,81,3,1286,https://kpkesihatan.com/2021/04/03/kenyataan-akhbar-kpk-3-april-2021-situasi-semasa-jangkitan-penyakit-coronavirus-2019-covid-19-di-malaysia/
04-04-21,1270,335162,7,1342,14509,1349,350959,186,94,2,1288,https://kpkesihatan.com/2021/04/04/kenyataan-akhbar-kpk-4-april-2021-situasi-semasa-jangkitan-penyakit-coronavirus-2019-covid-19-di-malaysia/
05-04-21,1294,336456,9,1061,14278,1070,352029,180,89,7,1295,https://kpkesihatan.com/2021/04/05/kenyataan-akhbar-kpk-5-april-2021-situasi-semasa-jangkitan-penyakit-coronavirus-2019-covid-19-di-malaysia/
06-04-21,1412,337868,24,1276,14161,1300,353329,189,88,5,1300,https://kpkesihatan.com/2021/04/06/kenyataan-akhbar-kpk-6-april-2021-situasi-semasa-jangkitan-penyakit-coronavirus-2019-covid-19-di-malaysia/
07-04-21,1199,339067,13,1126,14097,1139,354468,194,86,4,1304,https://kpkesihatan.com/2021/04/07/kenyataan-akhbar-kpk-7-april-2021-situasi-semasa-jangkitan-penyakit-coronavirus-2019-covid-19-di-malaysia/
08-04-21,1175,340242,17,1268,14203,1285,355753,186,81,4,1308,https://kpkesihatan.com/2021/04/08/kenyataan-akhbar-kpk-8-april-2021-situasi-semasa-jangkitan-penyakit-coronavirus-2019-covid-19-di-malaysia/
09-04-21,1247,341489,20,1834,14805,1854,357607,169,79,5,1313,https://kpkesihatan.com/2021/04/09/kenyataan-akhbar-kpk-9-april-2021-situasi-semasa-jangkitan-penyakit-coronavirus-2019-covid-19-di-malaysia/
10-04-21,1248,342737,5,1505,15059,1510,359117,194,81,8,1321,https://kpkesihatan.com/2021/04/10/kenyataan-akhbar-kpk-10-april-2021-situasi-semasa-jangkitan-penyakit-coronavirus-2019-covid-19-di-malaysia/
11-04-21,1216,343953,8,1731,15574,1739,360856,183,81,8,1329,https://kpkesihatan.com/2021/04/11/kenyataan-akhbar-kpk-11-april-2021-situasi-semasa-jangkitan-penyakit-coronavirus-2019-covid-19-di-malaysia/
12-04-21,1052,345005,12,1305,15835,1317,362173,188,84,4,1333,https://kpkesihatan.com/2021/04/12/kenyataan-akhbar-kpk-12-april-2021-situasi-semasa-jangkitan-penyakit-coronavirus-2019-covid-19-di-malaysia/
13-04-21,1290,346295,9,1758,16300,1767,363940,199,82,12,1345,https://kpkesihatan.com/2021/04/13/kenyataan-akhbar-kpk-13-april-2021-situasi-semasa-jangkitan-penyakit-coronavirus-2019-covid-19-di-malaysia/
14-04-21,1485,347780,6,1883,16696,1889,365829,204,79,8,1353,https://kpkesihatan.com/2021/04/14/kenyataan-akhbar-kpk-14-april-2021-situasi-semasa-jangkitan-penyakit-coronavirus-2019-covid-19-di-malaysia/
15-04-21,1259,349039,19,2129,17575,2148,367977,212,82,10,1363,https://kpkesihatan.com/2021/04/15/kenyataan-akhbar-kpk-15-april-2021-situasi-semasa-jangkitan-penyakit-coronavirus-2019-covid-19-di-malaysia/
